302453.028067 4123698.03129
302453.028067 4123698.03129
302453.046332 4123698.05307
302453.07373 4123698.08573
302453.120177 4123698.17345
302453.194021 4123698.29384
302453.268127 4123698.42532
302453.378763 4123698.60035
302453.517319 4123698.83024
302453.63761 4123699.03835
302453.803825 4123699.31199
302453.979695 4123699.61871
302454.1373 4123699.90366
302454.332219 4123700.26545
302454.536531 4123700.64921
302454.722317 4123701.00011
302454.936807 4123701.43915
302455.151296 4123701.87819
302455.365002 4123702.28394
302455.607151 4123702.76674
302455.867826 4123703.28241
302456.110235 4123703.7763
302456.426489 4123704.39058
302456.70569 4123704.93912
302457.031338 4123705.57538
302457.384383 4123706.24431
302457.681849 4123706.81462
302458.053421 4123707.51642
302458.434386 4123708.2402
302458.759772 4123708.86536
302459.168396 4123709.6329
302459.595285 4123710.42221
302459.966334 4123711.10181
302460.403139 4123711.9353
302460.857687 4123712.76837
302461.247524 4123713.49194
302461.720598 4123714.35788
302462.193672 4123715.22382
302462.602034 4123715.98026
302463.093634 4123716.87907
302463.6035 4123717.79965
302464.048914 4123718.62184
302464.577828 4123719.59748
302465.106741 4123720.57313
302465.561027 4123721.3951
302466.080547 4123722.34877
302466.608677 4123723.29113
302467.044697 4123724.09133
302467.563694 4123725.0228
302468.100956 4123725.97605
302468.573507 4123726.81979
302469.138689 4123727.8279
302469.703609 4123728.8249
302470.176421 4123729.67974
302470.723337 4123730.66607
302471.26947 4123731.61911
302471.732887 4123732.45197
302472.269888 4123733.39412
302472.798016 4123734.33648
302473.261433 4123735.16934
302473.826353 4123736.16635
302474.391795 4123737.18554
302474.88287 4123738.06216
302475.448051 4123739.07026
302476.004359 4123740.07857
302476.486041 4123740.93321
302477.024085 4123741.91975
302477.570738 4123742.89498
302478.025283 4123743.72805
302478.553672 4123744.6815
302479.082321 4123745.64606
302479.545737 4123746.47892
302480.09239 4123747.45415
302480.639304 4123748.44047
302481.112113 4123749.29532
302481.677292 4123750.30342
302482.242471 4123751.31152
302482.724413 4123752.17725
302483.280459 4123753.17447
302483.845115 4123754.16038
302484.317663 4123755.00413
302484.864315 4123755.97936
302485.410706 4123756.94349
302485.87386 4123757.76526
302486.402246 4123758.71872
302486.939243 4123759.66087
302487.393786 4123760.49394
302487.931305 4123761.45828
302488.469346 4123762.44482
302488.941893 4123763.28857
302489.489328 4123764.29709
302490.045633 4123765.3054
302490.527834 4123766.18223
302491.093533 4123767.21252
302491.668626 4123768.2648
302492.169092 4123769.1634
302492.753316 4123770.22657
302493.346412 4123771.28952
302493.856272 4123772.21011
302494.458239 4123773.27286
302494.967837 4123774.18235
302495.56041 4123775.22311
302496.152983 4123776.26388
302496.652665 4123777.12919
302497.226712 4123778.13709
302497.791887 4123779.14519
302498.264693 4123780.00003
302498.784989 4123780.98699
302499.278671 4123781.97457
302499.671634 4123782.83129
302500.094344 4123783.82054
302500.481829 4123784.82172
302500.768074 4123785.66986
302501.049102 4123786.67354
302501.276641 4123787.66739
302501.420944 4123788.51886
302501.524022 4123789.50453
302501.520121 4123790.47051
302501.459597 4123791.29349
302501.294967 4123792.21885
302501.058582 4123793.11258
302500.783057 4123793.85181
302500.384898 4123794.66054
302499.932467 4123795.42613
302499.485253 4123796.03617
302498.906011 4123796.69372
302498.281108 4123797.29684
302497.705778 4123797.74336
302497.006509 4123798.20391
302496.288454 4123798.62048
302495.674766 4123798.94578
302494.955928 4123799.32906
302494.219346 4123799.71277
302493.570435 4123800.05
302492.816633 4123800.45631
302492.036217 4123800.86325
302491.370346 4123801.23419
302490.555489 4123801.68635
302489.714279 4123802.15023
302488.942995 4123802.56806
302488.005245 4123803.07862
302487.032269 4123803.60111
302486.173317 4123804.06541
302485.16564 4123804.62202
302484.131349 4123805.17927
302483.237694 4123805.67769
302482.17705 4123806.24665
302481.116928 4123806.83781
302480.223274 4123807.33623
302479.171763 4123807.91608
302478.146866 4123808.49531
302477.270955 4123808.99331
302476.26354 4123809.56103
302475.413983 4123810.04731
302474.433182 4123810.6144
302473.470647 4123811.20326
302472.544119 4123811.81348
302471.775971 4123812.36446
302470.912588 4123813.0176
302470.130091 4123813.71325
302469.497103 4123814.34987
302468.832285 4123815.14266
302468.239222 4123815.96708
302467.77714 4123816.69959
302467.318453 4123817.57636
302466.93152 4123818.48474
302466.658088 4123819.31274
302466.406576 4123820.31785
302466.244562 4123821.35417
302466.186392 4123822.27702
302466.19424 4123823.36485
302466.300455 4123824.48367
302466.473725 4123825.43438
302466.739103 4123826.52725
302467.074929 4123827.59626
302467.406578 4123828.48773
302467.838945 4123829.51006
302468.288532 4123830.50978
302468.708111 4123831.36587
302469.220058 4123832.37523
302469.75001 4123833.39526
302470.21525 4123834.30579
302470.790864 4123835.38026
302471.384742 4123836.4765
302471.886251 4123837.41949
302472.479869 4123838.50464
302473.082357 4123839.58957
302473.591954 4123840.49906
302474.185048 4123841.56202
302474.76901 4123842.61409
302475.260341 4123843.5018
302475.843519 4123844.52058
302476.409216 4123845.55087
302476.891153 4123846.41661
302477.447195 4123847.41382
302477.966184 4123848.34529
302478.428812 4123849.14487
302478.939191 4123850.08764
302479.448526 4123850.98604
302479.892367 4123851.74164
302480.427009 4123852.58393
302481.022446 4123853.36928
302481.596223 4123853.9886
302482.321335 4123854.62656
302483.106457 4123855.1743
302483.79895 4123855.55768
302484.658953 4123855.89272
302485.408845 4123856.07491
302486.29024 4123856.1874
302487.160153 4123856.18913
302488.009974 4123856.09142
302488.716025 4123855.91938
302489.508701 4123855.65648
302490.299811 4123855.327
302490.966722 4123855.00045
302491.737739 4123854.57152
302492.525454 4123854.0978
302493.225501 4123853.67055
302494.039831 4123853.1962
302494.888863 4123852.68772
302495.659619 4123852.2477
302496.623195 4123851.70323
302497.595643 4123851.15855
302498.463462 4123850.69404
302499.489399 4123850.1592
302500.523947 4123849.61306
302501.417858 4123849.12573
302502.451884 4123848.55739
302503.49452 4123847.97775
302504.397042 4123847.47912
302505.448288 4123846.88818
302506.350027 4123846.35626
302507.418495 4123845.74271
302508.47783 4123845.11827
302509.370698 4123844.58656
302510.412551 4123843.97363
302511.436663 4123843.36112
302512.294046 4123842.83025
302513.309547 4123842.22904
302514.316699 4123841.65024
302515.165733 4123841.14177
302516.164275 4123840.57427
302517.172733 4123840.05094
302518.023072 4123839.59795
302519.041707 4123839.1299
302520.051992 4123838.68425
302520.940689 4123838.35248
302521.954108 4123838.03998
302522.995445 4123837.78234
302523.889363 4123837.67249
302524.944532 4123837.62546
302526.003356 4123837.73378
302526.922326 4123837.9342
302527.951145 4123838.27637
302528.92987 4123838.75294
302529.695942 4123839.24562
302530.519419 4123839.91458
302531.238006 4123840.65263
302531.778122 4123841.35046
302532.366249 4123842.20259
302532.884189 4123843.08968
302533.310543 4123843.85681
302533.812045 4123844.7998
302534.314068 4123845.76498
302534.768602 4123846.59805
302535.315504 4123847.58438
302535.862667 4123848.58181
302536.35347 4123849.44733
302536.900633 4123850.44476
302537.465016 4123851.41958
302537.938075 4123852.28552
302538.521506 4123853.3154
302539.114069 4123854.35617
302539.641401 4123855.26524
302540.253011 4123856.36107
302540.882625 4123857.46758
302541.429265 4123858.44282
302542.068011 4123859.56021
302542.698147 4123860.68891
302543.235393 4123861.64216
302543.856135 4123862.74888
302544.485487 4123863.84429
302545.004468 4123864.77577
302545.624427 4123865.8492
302546.235775 4123866.93393
302546.763105 4123867.84301
302547.37393 4123868.90555
302547.984495 4123869.957
302548.511303 4123870.84388
302549.122128 4123871.90643
302549.742347 4123872.99095
302550.27933 4123873.93311
302550.926423 4123875.0281
302551.564906 4123876.1344
302552.129025 4123877.09813
302552.794644 4123878.22599
302553.460523 4123879.36496
302554.025163 4123880.35087
302554.709568 4123881.5227
302555.393712 4123882.68344
302555.976355 4123883.68003
302556.669892 4123884.86275
302557.354296 4123886.03459
302557.9372 4123887.04228
302558.621604 4123888.21411
302559.297136 4123889.38615
302559.888911 4123890.39363
302560.564704 4123891.57677
302561.231886 4123892.77122
302561.81479 4123893.77891
302562.481972 4123894.97335
302563.13976 4123896.14581
302563.70466 4123897.14282
302564.344183 4123898.29351
302564.974575 4123899.43331
302565.494595 4123900.40917
302566.115593 4123901.52698
302566.718848 4123902.64522
302567.220343 4123903.58821
302567.796461 4123904.68487
302568.372319 4123905.77044
302568.855549 4123906.69166
302569.422013 4123907.75525
302569.979606 4123908.81904
302570.453442 4123909.71828
302571.001902 4123910.77118
302571.54123 4123911.81321
302572.005934 4123912.70155
302572.536129 4123913.73269
302573.066585 4123914.77492
302573.522418 4123915.66347
302574.062006 4123916.71659
302574.601594 4123917.7697
302575.066819 4123918.68024
302575.615539 4123919.74425
302576.164259 4123920.80825
302576.638616 4123921.72968
302577.196207 4123922.79347
302577.771541 4123923.85685
302578.271989 4123924.75546
302578.864804 4123925.80733
302579.46649 4123926.85898
302579.993291 4123927.74587
302580.603325 4123928.77513
302581.22197 4123929.79308
302581.765992 4123930.65735
302582.392986 4123931.65291
302583.028851 4123932.64825
302583.581482 4123933.50122
302584.217608 4123934.50766
302584.853472 4123935.503
302585.397493 4123936.36728
302586.033618 4123937.37372
302586.652262 4123938.39167
302587.178278 4123939.24527
302587.761176 4123940.25296
302588.334941 4123941.24976
302588.80773 4123942.10461
302589.337139 4123943.10246
302589.839934 4123944.10093
302590.268105 4123944.94573
302590.752636 4123945.92243
302591.228295 4123946.89933
302591.611849 4123947.73408
302592.060633 4123948.70051
302592.473671 4123949.65669
302592.794865 4123950.4818
302593.110581 4123951.45136
302593.337584 4123952.42302
302593.44639 4123953.27532
302593.513972 4123954.26183
302593.528066 4123955.23849
302593.512414 4123956.08262
302593.464409 4123957.06074
302593.425276 4123958.03865
302593.391882 4123958.8832
302593.361358 4123959.84981
302593.366581 4123960.82668
302593.395024 4123961.65867
302593.461824 4123962.61189
302593.554975 4123963.55338
302593.671609 4123964.3611
302593.835209 4123965.27873
302594.01629 4123966.18485
302594.167625 4123966.95844
302594.357577 4123967.86436
302594.539441 4123968.80376
302594.691299 4123969.59955
302594.864552 4123970.55026
302595.038067 4123971.51207
302595.181836 4123972.34135
302595.356133 4123973.33645
302595.51321 4123974.35415
302595.640541 4123975.23933
302595.798923 4123976.31252
302595.931213 4123977.40852
302596.0515 4123978.37158
302596.175962 4123979.51218
302596.292075 4123980.67518
302596.387053 4123981.69434
302596.477336 4123982.89126
302596.550397 4123984.11078
302596.619545 4123985.16386
302596.674864 4123986.3838
302596.729923 4123987.59264
302596.771935 4123988.62415
302596.808729 4123989.81122
302596.845262 4123990.98719
302596.877881 4123991.99672
302596.896672 4123993.17311
302596.934249 4123994.39347
302596.949648 4123995.42561
302596.996879 4123996.67904
302597.017758 4123997.9442
302597.043332 4123999.03161
302597.073343 4124000.30765
302597.085872 4124001.59521
302597.11223 4124002.71591
302597.134674 4124004.04764
302597.148508 4124005.39068
302597.18452 4124006.54446
302597.225489 4124007.90906
302597.275852 4124009.29565
302597.32204 4124010.5047
302597.381796 4124011.91327
302597.459294 4124013.32143
302597.550098 4124014.54053
302597.654993 4124015.98135
302597.787545 4124017.46592
302597.92401 4124018.73946
302598.092568 4124020.24539
302598.261126 4124021.75133
302598.416116 4124023.05774
302598.611549 4124024.57414
302598.797589 4124026.06856
302598.969538 4124027.34126
302599.164188 4124028.82438
302599.349444 4124030.28551
302599.520871 4124031.53602
302599.696735 4124032.97517
302599.881208 4124034.40301
302600.007758 4124035.63238
302600.156747 4124037.06105
302600.313824 4124038.45623
302600.412716 4124039.64184
302600.480821 4124041.02801
302600.512919 4124042.39282
302600.513968 4124043.56963
302600.563809 4124044.93402
302600.560423 4124046.29967
302600.560949 4124047.45428
302600.557041 4124048.79774
302600.544001 4124050.13031
302600.535396 4124051.27403
302600.522095 4124052.59551
302600.508794 4124053.91698
302600.490535 4124055.02762
302600.459231 4124056.33842
302600.436537 4124057.63791
302600.42741 4124058.75944
302600.413326 4124060.04762
302600.399503 4124061.3469
302600.372112 4124062.44666
302600.304541 4124063.725
302600.201224 4124064.99308
302600.075729 4124066.07294
302599.882919 4124067.30982
302599.654624 4124068.54753
302599.439635 4124069.59619
302599.148459 4124070.80207
302598.848152 4124071.99707
302598.561412 4124073.01411
302598.252233 4124074.20932
302597.951926 4124075.40431
302597.718413 4124076.4201
302597.471333 4124077.61385
302597.268608 4124078.80655
302597.14207 4124079.84203
302597.019185 4124081.03285
302596.941178 4124082.24482
302596.903611 4124083.28931
302596.851956 4124084.48956
302596.827176 4124085.70028
302596.815962 4124086.73304
302596.800052 4124087.94356
302596.77501 4124089.14318
302596.763796 4124090.17595
302596.747887 4124091.38646
302596.74972 4124092.59655
302596.756509 4124093.64
302596.75782 4124094.8279
302596.75052 4124096.02711
302596.748178 4124097.05966
302596.767491 4124098.25824
302596.742189 4124099.44677
302596.748717 4124100.47912
302596.750028 4124101.66702
302596.769603 4124102.8767
302596.784481 4124103.88665
302596.767527 4124105.05278
302596.768316 4124106.21849
302596.774062 4124107.21755
302596.76598 4124108.38347
302596.766508 4124109.53808
302596.763382 4124110.53735
302596.773042 4124111.70285
302596.756611 4124112.89117
302596.753747 4124113.90154
302596.710441 4124115.07938
302596.658004 4124116.24635
302596.593042 4124117.25817
302596.49625 4124118.42618
302596.34597 4124119.58434
302596.174034 4124120.57648
302595.92539 4124121.70364
302595.614388 4124122.82118
302595.281468 4124123.76159
302594.818092 4124124.81609
302594.282704 4124125.82788
302593.751751 4124126.65083
302593.080949 4124127.56588
302592.310739 4124128.40556
302591.625585 4124129.0878
302590.736659 4124129.78595
302589.79268 4124130.40767
302588.942628 4124130.87175
302587.896631 4124131.30713
302586.821933 4124131.65437
302585.859949 4124131.88794
302584.729154 4124132.11438
302583.569397 4124132.24157
302582.567752 4124132.29844
302581.388165 4124132.33729
302580.216144 4124132.32045
302579.203802 4124132.29985
302578.031259 4124132.26082
302576.840713 4124132.21111
302575.818455 4124132.14633
302574.637041 4124132.10751
302573.455105 4124132.0465
302572.441457 4124131.97042
302571.257955 4124131.84283
302570.07367 4124131.68195
302569.075937 4124131.52778
302567.917221 4124131.32189
302566.766592 4124131.08251
302565.776425 4124130.87265
302564.634407 4124130.62196
302563.501259 4124130.37107
302562.528834 4124130.16079
302561.404818 4124129.92078
302560.280803 4124129.68077
302559.326381 4124129.48118
302558.203148 4124129.27446
302557.080176 4124129.07883
302556.126798 4124128.92362
302555.004609 4124128.76129
302553.891813 4124128.62093
302552.93113 4124128.53251
302551.801897 4124128.44805
302550.682058 4124128.38558
302549.704938 4124128.35306
302548.594752 4124128.32366
302547.484827 4124128.30537
302546.552585 4124128.29399
302545.42544 4124128.2983
302544.307949 4124128.33569
302543.349877 4124128.35823
302542.240474 4124128.36213
302541.140465 4124128.38801
302540.181609 4124128.37726
302539.071423 4124128.34787
302537.960193 4124128.27409
302537.02534 4124128.15176
302535.954549 4124127.9105
302534.93333 4124127.51264
302534.106751 4124127.088
302533.231118 4124126.46468
302532.441846 4124125.7394
302531.85713 4124125.03151
302531.303461 4124124.13416
302530.854677 4124123.16773
302530.585663 4124122.29698
302530.410316 4124121.2575
302530.305675 4124120.20526
302530.328624 4124119.29434
302530.365398 4124118.21656
302530.411304 4124117.14967
302530.460344 4124116.21594
302530.479115 4124115.12748
302530.497886 4124114.03902
302530.51118 4124113.09503
302530.494467 4124112.00741
302530.503584 4124110.88587
302530.507224 4124109.90879
302530.497555 4124108.74329
302530.505367 4124107.56628
302530.498569 4124106.52283
302530.505076 4124105.29034
302530.519148 4124104.00215
302530.527743 4124102.85842
302530.539727 4124101.48147
302530.550406 4124100.04904
302530.565261 4124098.79414
302530.582984 4124097.28383
302530.599923 4124095.74023
302530.612429 4124094.38547
302530.636934 4124092.78618
302530.652046 4124091.1649
302530.655159 4124089.78816
302530.670271 4124088.16688
302530.685383 4124086.54561
302530.688235 4124085.15777
302530.702825 4124083.5143
302530.726286 4124081.87063
302530.736965 4124080.4382
302530.751032 4124078.77254
302530.764839 4124077.09578
302530.784128 4124075.65205
302530.797413 4124073.9531
302530.810437 4124072.24306
302530.820855 4124070.79953
302530.83414 4124069.10058
302530.856296 4124067.40143
302530.866453 4124065.9468
302530.879738 4124064.24785
302530.893284 4124062.56
302530.912313 4124061.10517
302530.934469 4124059.40602
302530.956364 4124057.69576
302530.975392 4124056.24093
302530.997027 4124054.51958
302531.036925 4124052.82001
302531.055432 4124051.34299
302531.095069 4124049.63232
302531.134185 4124047.89946
302531.161563 4124046.42222
302531.200678 4124044.68936
302531.230923 4124042.95671
302531.258301 4124041.47948
302531.288545 4124039.74682
302531.319312 4124038.03636
302531.338341 4124036.58153
302531.36102 4124034.90457
302531.375089 4124033.23891
302531.377158 4124031.81778
302531.382878 4124030.17452
302531.371378 4124028.55388
302531.374231 4124027.16604
302531.380995 4124025.56716
302531.414895 4124023.98986
302531.471758 4124022.63405
302531.586021 4124021.07706
302531.753771 4124019.52991
302531.953878 4124018.22625
302532.256263 4124016.74254
302532.656752 4124015.27873
302533.080988 4124014.06972
302533.670122 4124012.70139
302534.376669 4124011.41912
302535.08035 4124010.39227
302535.99485 4124009.27164
302537.000673 4124008.25988
302537.940747 4124007.47171
302539.093469 4124006.66744
302540.320293 4124005.99465
302541.400745 4124005.51405
302542.704281 4124005.0837
302544.036781 4124004.7526
302545.176464 4124004.52595
302546.522011 4124004.37217
302547.859992 4124004.27408
302549.004374 4124004.24716
302550.335572 4124004.23805
302551.66677 4124004.22894
302552.794193 4124004.23572
302554.116781 4124004.23792
302555.430498 4124004.24032
302556.549049 4124004.24731
302557.853633 4124004.23883
302559.149608 4124004.24165
302560.267898 4124004.23755
302561.555001 4124004.24058
302562.832972 4124004.23272
302563.93352 4124004.22904
302565.202881 4124004.23249
302566.46311 4124004.22505
302567.537305 4124004.23309
302568.779791 4124004.22606
302570.022017 4124004.20795
302571.078469 4124004.2164
302572.312084 4124004.20959
302573.537089 4124004.21408
302574.575539 4124004.21186
302575.791412 4124004.20547
302577.015895 4124004.18777
302578.053039 4124004.13007
302579.267346 4124004.0571
302580.470955 4124003.90666
302581.487747 4124003.73842
302582.66161 4124003.45546
302583.788769 4124003.07368
302584.738505 4124002.69607
302585.7626 4124002.08357
302586.704246 4124001.36199
302587.397498 4124000.64624
302588.07666 4123999.70879
302588.594314 4123998.69742
302588.909758 4123997.76852
302589.186064 4123996.68511
302589.319648 4123995.57175
302589.33295 4123994.62775
302589.333205 4123993.50643
302589.306586 4123992.37463
302589.248919 4123991.4323
302589.213428 4123990.30071
302589.142714 4123989.18106
302589.093657 4123988.22742
302589.040424 4123987.09625
302588.96971 4123985.9766
302588.91152 4123985.01208
302588.830891 4123983.84824
302588.75 4123982.67332
302588.655021 4123981.65415
302588.555345 4123980.43526
302588.437926 4123979.21678
302588.341642 4123978.14213
302588.196304 4123976.8688
302588.059577 4123975.58416
302587.918415 4123974.48837
302587.74542 4123973.17128
302587.536679 4123971.84393
302587.349856 4123970.69369
302587.095976 4123969.3341
302586.824353 4123967.97492
302586.565777 4123966.79307
302586.240405 4123965.41295
302585.888681 4123964.04455
302585.559135 4123962.86437
302585.162793 4123961.48592
302584.739837 4123960.10809
302584.357064 4123958.92916
302583.898623 4123957.55217
302583.431572 4123956.18649
302583.022446 4123955.01928
302582.528781 4123953.65422
302582.035376 4123952.30026
302581.591026 4123951.14498
302581.08875 4123949.79123
302580.560121 4123948.4492
302580.107421 4123947.31632
302579.552178 4123945.97491
302578.997197 4123944.6446
302578.509011 4123943.51256
302577.954812 4123942.21554
302577.400352 4123940.90742
302576.92182 4123939.80846
302576.376753 4123938.52233
302575.831685 4123937.23619
302575.370895 4123936.13681
302574.835221 4123934.87266
302574.291197 4123933.63091
302573.813708 4123932.57633
302573.252202 4123931.3461
302572.682086 4123930.12717
302572.187377 4123929.0952
302571.617521 4123927.88736
302571.038533 4123926.66864
302570.534952 4123925.63688
302569.946832 4123924.40727
302569.341491 4123923.20027
302568.837648 4123922.15741
302568.232568 4123920.96151
302567.636359 4123919.76539
302567.124427 4123918.75603
302566.52874 4123917.58211
302565.924442 4123916.4195
302565.413032 4123915.43233
302564.809256 4123914.29191
302564.205741 4123913.16258
302563.703724 4123912.19739
302563.189704 4123911.09927
302562.586449 4123909.98104
302562.075822 4123909.02716
302561.472828 4123907.92002
302560.869833 4123906.81288
302560.359206 4123905.85901
302559.756211 4123904.75187
302559.144345 4123903.64494
302558.633978 4123902.70216
302558.030722 4123901.58393
302557.418856 4123900.477
302556.907966 4123899.51203
302556.287228 4123898.40531
302555.684233 4123897.29817
302555.156122 4123896.35581
302554.544255 4123895.24888
302553.932388 4123894.14196
302553.421759 4123893.18808
302552.863119 4123892.0799
302552.330832 4123890.96
302551.882302 4123890.00466
302551.394371 4123888.88371
302550.89783 4123887.77407
302550.427902 4123886.66381
302550.032599 4123885.70722
302549.571282 4123884.58565
302549.109442 4123883.44189
302548.713095 4123882.44091
302548.242123 4123881.28626
302547.770629 4123880.10942
302547.365149 4123879.09756
302546.875651 4123877.91004
302546.386152 4123876.72252
302545.945187 4123875.71149
302545.437685 4123874.51329
302544.894436 4123873.30483
302544.417724 4123872.28354
302543.830902 4123871.10941
302543.235208 4123869.93549
302542.70579 4123868.93765
302542.066522 4123867.79806
302541.453608 4123866.64675
302540.91584 4123865.67131
302540.320928 4123864.53068
302539.726017 4123863.39005
302539.197381 4123862.42549
302538.585248 4123861.30747
302537.973116 4123860.18945
302537.44474 4123859.23599
302536.823736 4123858.11817
302536.211603 4123857.00015
302535.682705 4123856.0245
302535.052568 4123854.8958
302534.440174 4123853.76668
302533.893533 4123852.79145
302533.271745 4123851.64035
302532.632214 4123850.48966
302532.094183 4123849.50312
302531.454391 4123848.34134
302530.814337 4123847.16847
302530.266912 4123846.15995
302529.618248 4123844.99838
302528.96019 4123843.81482
302528.421375 4123842.79499
302527.754446 4123841.61165
302527.087516 4123840.4283
302526.513477 4123839.42041
302525.837414 4123838.22618
302525.161613 4123837.04304
302524.578441 4123836.02426
302523.884374 4123834.81935
302523.190307 4123833.61444
302522.598002 4123832.58477
302521.894802 4123831.36897
302521.200213 4123830.14186
302520.505623 4123828.91476
302519.921405 4123827.85159
302519.234904 4123826.59099
302518.548141 4123825.3193
302517.945658 4123824.23436
302517.250284 4123822.97397
302516.545517 4123821.69159
302515.942772 4123820.59556
302515.228872 4123819.3023
302514.514971 4123818.00903
302513.893961 4123816.89122
302513.170667 4123815.57598
302512.456505 4123814.27162
302511.835234 4123813.14271
302511.102806 4123811.81658
302510.361507 4123810.49066
302509.739974 4123809.35066
302509.007546 4123808.02452
302508.284251 4123806.70928
302507.663239 4123805.59147
302506.940726 4123804.30951
302506.236217 4123803.03824
302505.62486 4123801.9535
302504.929744 4123800.70421
302504.23515 4123799.47711
302503.642318 4123798.42525
302502.947984 4123797.20924
302502.253651 4123795.99324
302501.660818 4123794.94138
302500.966223 4123793.71427
302500.271367 4123792.47608
302499.660269 4123791.40244
302498.95628 4123790.15336
302498.242636 4123788.87119
302497.621883 4123787.76448
302496.889974 4123786.46054
302496.166414 4123785.1342
302495.527134 4123783.99462
302494.785569 4123782.6576
302494.034872 4123781.30969
302493.385937 4123780.13703
302492.625846 4123778.76714
302491.865755 4123777.39725
302491.225952 4123776.23548
302490.492996 4123774.88716
302489.733948 4123773.56165
302489.121282 4123772.42144
302488.379976 4123771.09552
302487.647542 4123769.76939
302487.016871 4123768.6185
302486.275042 4123767.27039
302485.532953 4123765.91118
302484.902281 4123764.76029
302484.169585 4123763.42306
302483.436888 4123762.08584
302482.82422 4123760.94563
302482.100916 4123759.63039
302481.395356 4123758.31473
302480.78347 4123757.2078
302480.078431 4123755.91434
302479.373392 4123754.62087
302478.779771 4123753.53572
302478.075254 4123752.26445
302477.389002 4123751.01495
302476.78677 4123749.9411
302476.100778 4123748.7027
302475.406176 4123747.4756
302474.822209 4123746.42353
302474.137 4123745.21842
302473.45153 4123744.0022
302472.766321 4123742.79709
302472.183136 4123741.77831
302471.50732 4123740.59518
302470.849247 4123739.41163
302470.275456 4123738.41483
302469.608772 4123737.24259
302468.95122 4123736.08123
302468.386561 4123735.09532
302467.737881 4123733.93375
302467.098333 4123732.78307
302466.533674 4123731.79716
302465.884993 4123730.6356
302465.227179 4123729.46314
302464.680001 4123728.46572
302464.031059 4123727.29306
302463.372984 4123726.10951
302462.80754 4123725.09031
302462.158075 4123723.89546
302461.499999 4123722.71191
302460.934294 4123721.68162
302460.266824 4123720.47609
302459.608487 4123719.28144
302459.024516 4123718.22937
302458.357046 4123717.02384
302457.680182 4123715.79633
302457.096472 4123714.75535
302456.42874 4123713.53873
302455.761269 4123712.33319
302455.195824 4123711.314
302454.537224 4123710.10826
302453.870536 4123708.93601
302453.313961 4123707.91661
302452.647273 4123706.74436
302452.016332 4123705.58238
302451.46054 4123704.59626
