302452.144744 4123693.31145
302452.162748 4123693.32213
302452.180491 4123693.32171
302452.189363 4123693.3215
302452.207106 4123693.32108
302452.207367 4123693.33218
302452.225371 4123693.34286
302452.261641 4123693.37531
302452.326614 4123693.49591
302452.437511 4123693.68203
302452.557802 4123693.89014
302452.705752 4123694.14201
302452.880839 4123694.41545
302453.038183 4123694.6893
302453.223447 4123695.018
302453.444719 4123695.36807
302453.594758 4123695.7087
302453.79907 4123696.09247
302454.012516 4123696.48713
302454.206912 4123696.82672
302454.4381 4123697.22096
302454.669288 4123697.61519
302454.863946 4123697.96588
302455.078174 4123698.39383
302455.300752 4123698.79937
302455.486538 4123699.15027
302455.718248 4123699.5667
302455.940565 4123699.96114
302456.135222 4123700.31183
302456.3578 4123700.71738
302456.588988 4123701.11161
302456.783123 4123701.44011
302457.013789 4123701.81216
302457.244454 4123702.1842
302457.465726 4123702.53426
302457.641335 4123702.82989
302457.853735 4123703.18016
302458.038738 4123703.49777
302458.222174 4123703.74881
302458.397782 4123704.04443
302458.572869 4123704.31787
302458.674633 4123704.49311
302458.65689 4123704.49352
