302461.137828 4123707.32171
302461.146699 4123707.3215
302461.164442 4123707.32108
302461.164442 4123707.32108
302461.155571 4123707.32129
302461.16392 4123707.29889
302461.223932 4123707.20866
302461.250807 4123707.21913
302461.296209 4123707.26247
302461.333523 4123707.33931
302461.434243 4123707.47016
302461.562099 4123707.62258
302461.664386 4123707.82002
302461.838428 4123708.04907
302461.986638 4123708.31203
302462.117106 4123708.57541
302462.27471 4123708.86036
302462.433098 4123709.1786
302462.571915 4123709.41958
302462.730564 4123709.74891
302462.906433 4123710.05563
302463.054905 4123710.32969
302463.231558 4123710.6697
302463.417082 4123711.00951
302463.574948 4123711.30555
302463.751862 4123711.65666
302463.946258 4123711.99625
302464.104384 4123712.30339
302464.307912 4123712.65387
302464.511963 4123713.02654
302464.679483 4123713.35567
302464.883795 4123713.73943
302465.088629 4123714.14539
302465.274153 4123714.4852
302465.487858 4123714.89095
302465.710696 4123715.30759
302465.879 4123715.67
302466.083833 4123716.07596
302466.288406 4123716.47082
302466.456448 4123716.82214
302466.661021 4123717.217
302466.856461 4123717.60098
302467.01511 4123717.93031
302467.201417 4123718.3034
302467.387724 4123718.67649
302467.555244 4123719.00562
302467.732419 4123719.36782
302467.909855 4123719.74112
302468.067981 4123720.04826
302468.236284 4123720.41067
302468.422331 4123720.77266
302468.571585 4123721.08001
302468.74876 4123721.44222
302468.916802 4123721.79353
302469.066057 4123722.10088
302469.251581 4123722.44068
302469.428494 4123722.79179
302469.577749 4123723.09914
302469.754401 4123723.43915
302469.931576 4123723.80135
302470.080308 4123724.08651
302470.256961 4123724.42652
302470.433874 4123724.77762
302470.582606 4123725.06278
302470.759259 4123725.40279
302470.92704 4123725.74301
302471.067162 4123726.03947
302471.243814 4123726.37948
302471.411595 4123726.7197
302471.56946 4123727.01575
302471.755244 4123727.36665
302471.94129 4123727.72864
302472.108549 4123728.04667
302472.285723 4123728.40887
302472.47203 4123728.78196
302472.63955 4123729.11108
302472.852471 4123729.48355
302473.047649 4123729.85643
302473.215169 4123730.18555
302473.410609 4123730.56953
302473.623791 4123730.95309
302473.791049 4123731.27112
302473.986489 4123731.65509
302474.190538 4123732.02777
302474.348925 4123732.346
302474.543843 4123732.70779
302474.74737 4123733.05827
302474.906018 4123733.3876
302475.109807 4123733.74918
302475.304985 4123734.12206
302475.481115 4123734.43988
302475.684903 4123734.80145
302475.880081 4123735.17434
302476.04734 4123735.49236
302476.251389 4123735.86504
302476.446306 4123736.22682
302476.622436 4123736.54464
302476.817353 4123736.90642
302477.00392 4123737.29061
302477.179789 4123737.59733
302477.374706 4123737.95912
302477.560751 4123738.32111
302477.727748 4123738.62804
302477.931276 4123738.97853
302478.117321 4123739.34052
302478.292406 4123739.61395
302478.469058 4123739.95397
302478.663714 4123740.30465
302478.812707 4123740.60091
302479.007101 4123740.9405
302479.183753 4123741.28051
302479.36771 4123741.55374
302479.579847 4123741.89291
302479.809727 4123742.23167
302479.959765 4123742.57231
302480.181818 4123742.95566
302480.376996 4123743.32854
302480.562519 4123743.66834
302480.785094 4123744.07389
302481.007931 4123744.49053
302481.202847 4123744.85231
302481.435077 4123745.29093
302481.667046 4123745.71846
302481.871096 4123746.09113
302482.12133 4123746.54044
302482.36217 4123746.96775
302482.56648 4123747.35152
302482.816453 4123747.78973
302483.057554 4123748.22814
302483.261603 4123748.60081
302483.493572 4123749.02834
302483.73389 4123749.43347
302483.928284 4123749.77306
302484.141727 4123750.16772
302484.354908 4123750.55128
302484.531037 4123750.8691
302484.725693 4123751.21979
302484.920348 4123751.57047
302485.078212 4123751.86652
302485.273128 4123752.2283
302485.476655 4123752.57879
302485.643651 4123752.88572
302485.838307 4123753.23641
302486.024351 4123753.5984
302486.191348 4123753.90533
302486.377132 4123754.25623
302486.562654 4123754.59603
302486.72939 4123754.89187
302486.915434 4123755.25386
302487.110089 4123755.60455
302487.286218 4123755.92237
302487.490267 4123756.29504
302487.703448 4123756.6786
302487.888971 4123757.01841
302488.120156 4123757.41265
302488.341947 4123757.7849
302488.527208 4123758.11361
302488.749261 4123758.49696
302488.971052 4123758.86921
302489.165185 4123759.19771
302489.386977 4123759.56997
302489.6179 4123759.95311
302489.794029 4123760.27093
302490.015559 4123760.63209
302490.219347 4123760.99366
302490.386082 4123761.2895
302490.589608 4123761.63998
302490.793134 4123761.99046
302490.959869 4123762.2863
302491.145392 4123762.6261
302491.339785 4123762.96569
302491.50652 4123763.26153
302491.700914 4123763.60112
302491.886436 4123763.94093
302492.05291 4123764.22567
302492.238171 4123764.55437
302492.423432 4123764.88308
302492.590167 4123765.17891
302492.766818 4123765.51892
302492.95234 4123765.85873
302493.110203 4123766.15477
302493.295726 4123766.49457
302493.49038 4123766.84526
302493.657376 4123767.1522
302493.852031 4123767.50288
302494.046946 4123767.86467
302494.214203 4123768.1827
302494.418512 4123768.56647
302494.631432 4123768.93893
302494.807821 4123769.26785
302495.030134 4123769.66229
302495.243576 4123770.05695
302495.420227 4123770.39696
302495.633146 4123770.76943
302495.846326 4123771.15299
302496.022716 4123771.4819
302496.217631 4123771.84369
302496.412286 4123772.19438
302496.552145 4123772.47974
302496.728273 4123772.79756
302496.895008 4123773.0934
302497.016341 4123773.34589
302497.16455 4123773.60886
302497.303365 4123773.84984
302497.406172 4123774.06947
302497.544726 4123774.29935
302497.674669 4123774.54054
302497.79548 4123774.77084
302497.953343 4123775.06689
302498.102074 4123775.35205
302498.250283 4123775.61501
302498.408929 4123775.94434
302498.585057 4123776.26216
302498.734049 4123776.55842
302498.920093 4123776.92041
302499.105875 4123777.27131
302499.264261 4123777.58955
302499.46022 4123777.99572
302499.66479 4123778.39058
302499.851095 4123778.76367
302500.073929 4123779.18031
302500.279282 4123779.60847
302500.465326 4123779.97046
302500.661808 4123780.39882
302500.867421 4123780.83807
302501.035722 4123781.20048
302501.2142 4123781.61817
302501.374674 4123782.02517
302501.506966 4123782.36623
302501.640565 4123782.76276
302501.774163 4123783.1593
302501.870709 4123783.49009
302501.977432 4123783.87616
302502.057541 4123784.26285
302502.136344 4123784.59406
302502.198449 4123784.97007
302502.251422 4123785.3352
302502.294217 4123785.64505
302502.338579 4123786.02148
302502.365199 4123786.39833
302502.390773 4123786.73079
302502.400172 4123787.13025
302502.401221 4123787.55211
302502.400704 4123787.90739
302502.393143 4123788.34055
302502.3681 4123788.78523
302502.350363 4123789.16312
302502.289573 4123789.59754
302502.237655 4123790.03174
302502.140075 4123790.41151
302502.026318 4123790.85828
302501.912822 4123791.31614
302501.78915 4123791.71872
302501.640429 4123792.18852
302501.464834 4123792.64784
302501.296282 4123793.02928
302501.075808 4123793.46745
302500.84594 4123793.88364
302500.623116 4123794.22195
302500.338975 4123794.595
302500.045441 4123794.94608
302499.777215 4123795.24104
302499.448195 4123795.59295
302499.109782 4123795.92288
302498.823292 4123796.19607
302498.46583 4123796.47094
302498.107847 4123796.72361
302497.793437 4123796.94195
302497.42606 4123797.17263
302497.067554 4123797.40311
302496.770104 4123797.58775
302496.428558 4123797.78452
302496.096405 4123798.00328
302495.816437 4123798.1764
302495.501244 4123798.36145
302495.194922 4123798.54629
302494.932175 4123798.6968
302494.634463 4123798.87034
302494.336491 4123799.03278
302494.082876 4123799.19418
302493.784904 4123799.35662
302493.486931 4123799.51906
302493.223923 4123799.65847
302492.926212 4123799.83201
302492.628239 4123799.99445
302492.374102 4123800.13366
302492.076391 4123800.3072
302491.769808 4123800.48094
302491.515671 4123800.62015
302491.217699 4123800.78259
302490.911116 4123800.95634
302490.648108 4123801.09575
302490.341525 4123801.2695
302490.03416 4123801.40996
302489.779761 4123801.53807
302489.472396 4123801.67853
302489.16503 4123801.81898
302488.901238 4123801.92511
302488.566997 4123802.0551
302488.268242 4123802.18425
302487.995579 4123802.29059
302487.679342 4123802.43126
302487.371976 4123802.57171
302487.099574 4123802.68915
302486.80108 4123802.8294
302486.503108 4123802.99184
302486.257842 4123803.13084
302485.968741 4123803.29307
302485.67103 4123803.46661
302485.434897 4123803.61649
302485.146841 4123803.82311
302484.876266 4123804.01821
302484.649527 4123804.19008
302484.388085 4123804.39607
302484.126382 4123804.59097
302483.899642 4123804.76283
302483.655682 4123804.95731
302483.402589 4123805.1409
302483.175327 4123805.29058
302482.921712 4123805.45198
302482.658965 4123805.60249
302482.440053 4123805.72976
302482.168173 4123805.86939
302481.896293 4123806.00901
302481.650505 4123806.12582
302481.343662 4123806.28847
302481.036819 4123806.45112
302480.764939 4123806.59074
302480.431743 4123806.76511
302480.106896 4123806.91709
302479.808663 4123807.06843
302479.484338 4123807.2426
302479.160013 4123807.41676
302478.86152 4123807.55701
302478.528323 4123807.73139
302478.195388 4123807.91685
302477.906027 4123808.06799
302477.555349 4123808.25388
302477.213543 4123808.43956
302476.915571 4123808.602
302476.564894 4123808.78789
302476.223087 4123808.97356
302475.907373 4123809.13642
302475.557218 4123809.3445
302475.20654 4123809.53039
302474.899958 4123809.70414
302474.558935 4123809.9231
302474.226523 4123810.13076
302473.946816 4123810.31498
302473.623797 4123810.54463
302473.327392 4123810.77365
302473.056557 4123810.95765
302472.769285 4123811.19756
302472.47288 4123811.42658
302472.219788 4123811.61017
302471.941648 4123811.86096
302471.653854 4123812.07868
302471.419027 4123812.28404
302471.158107 4123812.51222
302470.888317 4123812.74062
302470.671232 4123812.94556
302470.410836 4123813.19594
302470.159049 4123813.43501
302469.951358 4123813.66194
302469.700355 4123813.9343
302469.449874 4123814.22885
302469.234095 4123814.48928
302468.992747 4123814.79472
302468.761053 4123815.13324
302468.5638 4123815.42654
302468.3415 4123815.78704
302468.128594 4123816.16952
302467.968394 4123816.52856
302467.782885 4123816.94371
302467.624512 4123817.38042
302467.508669 4123817.73842
302467.37691 4123818.1745
302467.263156 4123818.62127
302467.192192 4123819.00041
302467.131404 4123819.43483
302467.079488 4123819.86903
302467.034877 4123820.23645
302467.000443 4123820.65915
302466.983751 4123821.08142
302466.956622 4123821.43733
302466.957412 4123821.84809
302466.958463 4123822.26995
302466.975168 4123822.60262
302466.993178 4123822.99078
302467.028932 4123823.37851
302467.063118 4123823.69967
302467.116353 4123824.07589
302467.196202 4123824.45149
302467.274746 4123824.7716
302467.390341 4123825.15746
302467.541422 4123825.54248
302467.664845 4123825.88374
302467.807316 4123826.28007
302467.967268 4123826.66488
302468.108172 4123826.99463
302468.267863 4123827.36835
302468.436426 4123827.74185
302468.576808 4123828.04941
302468.753981 4123828.41161
302468.930892 4123828.76272
302469.088756 4123829.05876
302469.274539 4123829.40966
302469.460061 4123829.74946
302469.609053 4123830.04572
302469.794313 4123830.37442
302469.970964 4123830.71443
302470.119956 4123831.01069
302470.305217 4123831.33939
302470.491261 4123831.70139
302470.649385 4123832.00853
302470.853172 4123832.3701
302471.048087 4123832.73189
302471.215605 4123833.06101
302471.410782 4123833.43389
302471.615091 4123833.81766
302471.78287 4123834.15788
302471.99605 4123834.54144
302472.191487 4123834.92542
302472.367615 4123835.24324
302472.571663 4123835.61591
302472.766578 4123835.97769
302472.942706 4123836.29551
302473.137361 4123836.6462
302473.341147 4123837.00778
302473.516753 4123837.3034
302473.720278 4123837.65389
302473.906061 4123838.00478
302474.081406 4123838.28931
302474.266927 4123838.62912
302474.443316 4123838.95803
302474.592047 4123839.24319
302474.759042 4123839.55012
302474.908034 4123839.84637
302475.065114 4123840.10913
302475.250374 4123840.43783
302475.436157 4123840.78873
302475.594542 4123841.10697
302475.780324 4123841.45787
302475.993504 4123841.84143
302476.160761 4123842.15945
302476.374202 4123842.55411
302476.57851 4123842.93788
302476.75516 4123843.27789
302476.950597 4123843.66187
302477.172648 4123844.04522
302477.339644 4123844.35215
302477.525687 4123844.71414
302477.711209 4123845.05394
302477.869071 4123845.34999
302478.063464 4123845.68958
302478.23072 4123846.00761
302478.388061 4123846.28146
302478.555578 4123846.61059
302478.71318 4123846.89553
302478.851994 4123847.13651
302478.992114 4123847.43298
302479.158848 4123847.72881
302479.297402 4123847.9587
302479.45422 4123848.21036
302479.611822 4123848.49531
302479.768901 4123848.75806
302479.945551 4123849.09807
302480.148815 4123849.43746
302480.297806 4123849.73371
302480.492721 4123850.0955
302480.705117 4123850.44577
302480.881244 4123850.76359
302481.076159 4123851.12537
302481.271073 4123851.48716
302481.44694 4123851.79388
302481.659336 4123852.14415
302481.889736 4123852.5051
302482.101087 4123852.81099
302482.375322 4123853.1487
302482.675909 4123853.4747
302482.948577 4123853.74583
302483.283605 4123854.02661
302483.634809 4123854.24039
302483.940873 4123854.42192
302484.282161 4123854.59153
302484.622927 4123854.73894
302484.918031 4123854.83191
302485.267147 4123854.95693
302485.606868 4123855.05995
302485.892318 4123855.11985
302486.248477 4123855.16698
302486.612985 4123855.19171
302486.932875 4123855.20639
302487.30521 4123855.18652
302487.677284 4123855.15556
302487.995346 4123855.09257
302488.366637 4123855.02832
302488.710791 4123854.94251
302489.019722 4123854.86863
302489.363093 4123854.74952
302489.715335 4123854.63021
302490.005478 4123854.51236
302490.348327 4123854.37107
302490.682044 4123854.21889
302490.962533 4123854.06796
302491.295988 4123853.90469
302491.620311 4123853.73052
302491.909932 4123853.59048
302492.225384 4123853.41652
302492.549968 4123853.25346
302492.839328 4123853.10232
302493.172262 4123852.91685
302493.505456 4123852.74248
302493.821169 4123852.57962
302494.188805 4123852.36003
302494.574444 4123852.15111
302494.92512 4123851.96523
302495.31937 4123851.74501
302495.695877 4123851.52521
302496.002718 4123851.36256
302496.362266 4123851.17646
302496.712681 4123850.97948
302497.010912 4123850.82814
302497.352978 4123850.65356
302497.703655 4123850.46767
302497.993015 4123850.31653
302498.343691 4123850.13065
302498.667753 4123849.94539
302498.957113 4123849.79425
302499.290308 4123849.61988
302499.614632 4123849.44571
302499.877639 4123849.3063
302500.219705 4123849.13172
302500.543506 4123848.93536
302500.832605 4123848.77313
302501.192414 4123848.59813
302501.560572 4123848.40073
302501.876286 4123848.23787
302502.262186 4123848.04006
302502.647565 4123847.82005
302502.971888 4123847.64588
302503.357789 4123847.44807
302503.74369 4123847.25025
302504.076624 4123847.06478
302504.453915 4123846.87827
302504.830161 4123846.64737
302505.163617 4123846.4841
302505.532297 4123846.30889
302505.900717 4123846.12259
302506.207559 4123845.95994
302506.540493 4123845.77447
302506.900041 4123845.58837
302507.206883 4123845.42572
302507.584173 4123845.23921
302507.935111 4123845.06442
302508.250564 4123844.89047
302508.618983 4123844.70416
302508.960527 4123844.50739
302509.267892 4123844.36693
302509.600826 4123844.18147
302509.93376 4123843.996
302510.249212 4123843.82204
302510.582146 4123843.63658
302510.932823 4123843.45069
302511.239143 4123843.26585
302511.58982 4123843.07996
302511.949107 4123842.88277
302512.264299 4123842.69772
302512.632196 4123842.48923
302513.009226 4123842.29162
302513.306936 4123842.11808
302513.666223 4123841.92089
302514.02525 4123841.71261
302514.349835 4123841.54954
302514.708861 4123841.34125
302515.068148 4123841.14406
302515.38334 4123840.95901
302515.769241 4123840.7612
302516.154882 4123840.55228
302516.478684 4123840.35593
302516.881806 4123840.1355
302517.275795 4123839.90419
302517.62595 4123839.69611
302518.028811 4123839.46459
302518.440544 4123839.23286
302518.782088 4123839.03609
302519.211302 4123838.79284
302519.614164 4123838.56132
302519.982061 4123838.35283
302520.419886 4123838.09828
302520.840229 4123837.85525
302521.23448 4123837.63503
302521.646212 4123837.4033
302522.057423 4123837.14938
302522.407839 4123836.95239
302522.784347 4123836.7326
302523.151984 4123836.51301
302523.440562 4123836.32858
302523.790978 4123836.1316
302524.123913 4123835.94613
302524.412752 4123835.7728
302524.746731 4123835.63172
302525.06375 4123835.52434
302525.355461 4123835.47307
302525.735885 4123835.41971
302526.196934 4123835.39777
302526.615193 4123835.44344
302527.097379 4123835.56532
302527.555039 4123835.7766
302527.914331 4123835.95688
302528.258229 4123836.23745
302528.575252 4123836.50754
302528.838265 4123836.7456
302529.137284 4123837.00502
302529.40969 4123837.26506
302529.627823 4123837.48198
302529.881964 4123837.72025
302530.136626 4123837.98071
302530.337278 4123838.20913
302530.574198 4123838.47001
302530.811118 4123838.73089
302531.002637 4123838.94843
302531.239557 4123839.20931
302531.459256 4123839.49279
302531.624945 4123839.74425
302531.844383 4123840.01664
302532.0466 4123840.31164
302532.221421 4123840.57398
302532.433032 4123840.89096
302532.645165 4123841.23014
302532.820769 4123841.52577
302533.024291 4123841.87625
302533.236425 4123842.21543
302533.420899 4123842.51085
302533.624422 4123842.86133
302533.836816 4123843.2116
302534.030423 4123843.51791
302534.243339 4123843.89037
302534.483131 4123844.27331
302534.695002 4123844.60139
302534.953319 4123845.0172
302535.220769 4123845.44389
302535.442295 4123845.80505
302535.700612 4123846.22086
302535.950057 4123846.63687
302536.162451 4123846.98714
302536.402764 4123847.39227
302536.625334 4123847.79781
302536.819724 4123848.13741
302537.059515 4123848.52034
302537.272431 4123848.89281
302537.457428 4123849.21042
302537.679215 4123849.58268
302537.892131 4123849.95514
302538.085999 4123850.27255
302538.298653 4123850.63391
302538.511308 4123850.99528
302538.696566 4123851.32399
302538.90922 4123851.68536
302539.131007 4123852.05762
302539.315743 4123852.36413
302539.537008 4123852.7142
302539.749662 4123853.07557
302539.94353 4123853.39297
302540.165317 4123853.76523
302540.387104 4123854.13748
302540.571839 4123854.444
302540.793626 4123854.81625
302541.033417 4123855.19919
302541.218674 4123855.5279
302541.458465 4123855.91083
302541.70791 4123856.32685
302541.920564 4123856.68822
302542.17027 4123857.11533
302542.419976 4123857.54244
302542.641762 4123857.91469
302542.901123 4123858.37488
302543.186836 4123858.82335
302543.409406 4123859.2289
302543.677637 4123859.68888
302543.928126 4123860.14928
302544.159567 4123860.55461
302544.428059 4123861.02569
302544.687158 4123861.47479
302544.918599 4123861.88012
302545.177959 4123862.34031
302545.437058 4123862.78941
302545.659627 4123863.19495
302545.927859 4123863.65493
302546.196612 4123864.13711
302546.418659 4123864.52046
302546.650622 4123864.94799
302546.909982 4123865.40818
302547.13229 4123865.80263
302547.374429 4123866.28543
302547.642922 4123866.75651
302547.883233 4123867.16163
302548.134244 4123867.64422
302548.402475 4123868.10421
302548.625044 4123868.50975
302548.893275 4123868.96973
302549.143763 4123869.43013
302549.36581 4123869.81348
302549.615777 4123870.25169
302549.856088 4123870.65682
302550.060132 4123871.02949
302550.300705 4123871.44572
302550.55041 4123871.87283
302550.763324 4123872.24529
302551.01329 4123872.6835
302551.272128 4123873.1215
302551.485042 4123873.49396
302551.735269 4123873.94327
302551.976103 4123874.37059
302552.188495 4123874.72086
302552.429851 4123875.17037
302552.688427 4123875.59728
302552.901081 4123875.95864
302553.177661 4123876.39623
302553.428148 4123876.85663
302553.659327 4123877.25087
302553.918948 4123877.72215
302554.196832 4123878.21521
302554.446276 4123878.63123
302554.751035 4123879.13476
302555.056056 4123879.64939
302555.324286 4123880.10937
302555.611825 4123880.63551
302555.917368 4123881.17233
302556.194469 4123881.6321
302556.500011 4123882.16892
302556.787289 4123882.68397
302557.046126 4123883.12197
302557.324532 4123883.63722
302557.611288 4123884.13007
302557.84325 4123884.5576
302558.112002 4123885.03977
302558.37136 4123885.49996
302558.575664 4123885.88374
302558.817019 4123886.33325
302559.049242 4123886.77187
302559.253284 4123887.14455
302559.476114 4123887.56119
302559.725818 4123887.9883
302559.911857 4123888.35029
302560.143557 4123888.76673
302560.38439 4123889.19405
302560.588172 4123889.55563
302560.855357 4123889.97122
302561.096451 4123890.40964
302561.318497 4123890.79299
302561.568462 4123891.2312
302561.782942 4123891.67024
302561.986985 4123892.04292
302562.219207 4123892.48154
302562.468911 4123892.90865
302562.673475 4123893.30352
302562.914569 4123893.74194
302563.164534 4123894.18014
302563.368837 4123894.56391
302563.627412 4123894.99082
302563.877116 4123895.41793
302564.090029 4123895.79039
302564.330862 4123896.21771
302564.580566 4123896.64482
302564.79374 4123897.02839
302565.035094 4123897.4779
302565.28532 4123897.9272
302565.507627 4123898.32165
302565.748981 4123898.77116
302566.007817 4123899.20916
302566.221252 4123899.60382
302566.462607 4123900.05333
302566.713093 4123900.51373
302566.926528 4123900.90839
302567.185886 4123901.36858
302567.427762 4123901.84029
302567.65033 4123902.24583
302567.910209 4123902.72821
302568.169828 4123903.1995
302568.392396 4123903.60505
302568.642882 4123904.06545
302568.902761 4123904.54783
302569.116457 4123904.95358
302569.376076 4123905.42487
302569.626562 4123905.88527
302569.839997 4123906.27993
302570.090222 4123906.72923
302570.331315 4123907.16765
302570.517353 4123907.52964
302570.748792 4123907.93498
302570.962488 4123908.34074
302571.147743 4123908.66944
302571.352307 4123909.06431
302571.55661 4123909.44808
302571.724122 4123909.77721
302571.919293 4123910.15009
302572.114202 4123910.51188
302572.263189 4123910.80813
302572.449488 4123911.18122
302572.626655 4123911.54343
302572.794428 4123911.88365
302572.971334 4123912.23476
302573.139108 4123912.57498
302573.278962 4123912.86035
302573.446214 4123913.17838
302573.604855 4123913.50771
302573.735578 4123913.78219
302573.884825 4123914.08954
302574.043206 4123914.40778
302574.173667 4123914.67116
302574.340658 4123914.97809
302574.498777 4123915.28524
302574.628977 4123915.53752
302574.795446 4123915.82226
302574.944432 4123916.11852
302575.074372 4123916.35971
302575.222837 4123916.63377
302575.371302 4123916.90784
302575.501241 4123917.14903
302575.649967 4123917.43419
302575.816435 4123917.71893
302575.946375 4123917.96012
302576.103972 4123918.24507
302576.270701 4123918.54091
302576.418905 4123918.80387
302576.585895 4123919.1108
302576.762018 4123919.42863
302576.919354 4123919.70248
302577.095476 4123920.0203
302577.280992 4123920.3601
302577.438589 4123920.64505
302577.624105 4123920.98486
302577.809881 4123921.33576
302577.976611 4123921.63159
302578.162387 4123921.9825
302578.348425 4123922.34449
302578.506544 4123922.65163
302578.692842 4123923.02473
302578.887751 4123923.38651
302579.046131 4123923.70475
302579.223297 4123924.06696
302579.409074 4123924.41786
302579.567193 4123924.725
302579.734966 4123925.06522
302579.91161 4123925.40523
302580.060597 4123925.70149
302580.237241 4123926.0415
302580.405014 4123926.38172
302580.554 4123926.67797
302580.730645 4123927.01799
302580.907289 4123927.358
302581.056014 4123927.64316
302581.223787 4123927.98338
302581.400431 4123928.32339
302581.549679 4123928.63074
302581.70858 4123928.97117
302581.876614 4123929.32249
302582.01699 4123929.63005
302582.176936 4123930.01486
302582.345231 4123930.37728
302582.477518 4123930.71833
302582.655467 4123931.11383
302582.833677 4123931.52042
302582.98423 4123931.88325
302583.171572 4123932.30072
302583.350303 4123932.7295
302583.510249 4123933.11432
302583.715594 4123933.54247
302583.885977 4123933.99366
302584.0454 4123934.35628
302584.223871 4123934.77396
302584.393209 4123935.18076
302584.534368 4123935.52161
302584.694575 4123935.91752
302584.84591 4123936.31364
302584.977936 4123936.6436
302585.119878 4123937.01773
302585.261559 4123937.38077
302585.383931 4123937.67765
302585.51648 4123938.02981
302585.649028 4123938.38196
302585.771662 4123938.68993
302585.922214 4123939.05276
302586.064156 4123939.4269
302586.195921 4123939.74576
302586.338124 4123940.131
302586.488937 4123940.50492
302586.611831 4123940.824
302586.771254 4123941.18662
302586.904325 4123941.56096
302587.027219 4123941.88003
302587.178032 4123942.25396
302587.328845 4123942.62789
302587.452 4123942.95806
302587.58507 4123943.3324
302587.744754 4123943.70612
302587.876781 4123944.03608
302588.036987 4123944.43199
302588.196932 4123944.8168
302588.328958 4123945.14676
302588.489164 4123945.54268
302588.649109 4123945.92749
302588.790007 4123946.25724
302588.94108 4123946.64226
302589.091893 4123947.01619
302589.232791 4123947.34594
302589.374471 4123947.70898
302589.507541 4123948.08333
302589.638785 4123948.38
302589.771333 4123948.73215
302589.903881 4123949.0843
302590.026514 4123949.39228
302590.168456 4123949.76641
302590.283522 4123950.13008
302590.406417 4123950.44915
302590.539487 4123950.8235
302590.690299 4123951.19742
302590.813454 4123951.52759
302590.946524 4123951.90194
302591.097337 4123952.27586
302591.211621 4123952.60624
302591.344952 4123952.99168
302591.478805 4123953.39931
302591.584739 4123953.75209
302591.709982 4123954.17103
302591.844096 4123954.58976
302591.950552 4123954.96473
302592.076317 4123955.40586
302592.219824 4123955.84657
302592.335934 4123956.25462
302592.480485 4123956.73971
302592.624775 4123957.21371
302592.758628 4123957.62135
302592.902657 4123958.08425
302593.038075 4123958.55846
302593.144792 4123958.94453
302593.270818 4123959.39675
302593.405714 4123959.84877
302593.521042 4123960.22353
302593.646806 4123960.66466
302593.772832 4123961.11688
302593.879288 4123961.49185
302593.99592 4123961.9221
302594.10342 4123962.34145
302594.209354 4123962.69423
302594.316594 4123963.10249
302594.423572 4123963.49965
302594.511502 4123963.84175
302594.627613 4123964.2498
302594.734852 4123964.65806
302594.823043 4123965.01125
302594.921672 4123965.43082
302595.029172 4123965.85017
302595.117364 4123966.20336
302595.224864 4123966.62272
302595.332103 4123967.03098
302595.420556 4123967.39527
302595.528055 4123967.81462
302595.635816 4123968.24507
302595.73314 4123968.60916
302595.832291 4123969.05091
302595.949184 4123969.49225
302596.028765 4123969.85675
302596.127916 4123970.2985
302596.209324 4123970.74068
302596.280295 4123971.11648
302596.352571 4123971.54777
302596.433718 4123971.97884
302596.486947 4123972.35507
302596.550352 4123972.78656
302596.604885 4123973.21826
302596.649243 4123973.59469
302596.712909 4123974.03728
302596.767442 4123974.46898
302596.8118 4123974.84541
302596.866333 4123975.27712
302596.912256 4123975.72012
302596.93 4123976.09718
302596.976185 4123976.55128
302597.012976 4123976.9834
302597.039852 4123977.37135
302597.077165 4123977.82566
302597.114478 4123978.27997
302597.132483 4123978.66812
302597.160664 4123979.11155
302597.179973 4123979.55518
302597.206327 4123979.92093
302597.225376 4123980.35347
302597.253035 4123980.7747
302597.270518 4123981.14066
302597.289567 4123981.5732
302597.317747 4123982.01662
302597.335491 4123982.39368
302597.354279 4123982.81512
302597.364718 4123983.25896
302597.364458 4123983.62534
302597.383507 4123984.05788
302597.402817 4123984.50151
302597.376204 4123984.87961
302597.413256 4123985.32282
302597.414563 4123985.75578
302597.432307 4123986.13284
302597.451616 4123986.57647
302597.461794 4123987.00921
302597.470667 4123987.38648
302597.507719 4123987.82969
302597.518157 4123988.27354
302597.52703 4123988.6508
302597.537468 4123989.09464
302597.556778 4123989.53828
302597.583393 4123989.91512
302597.58496 4123990.35917
302597.61288 4123990.7915
302597.630363 4123991.15746
302597.658283 4123991.58979
302597.668461 4123992.02254
302597.695076 4123992.39938
302597.714124 4123992.83192
302597.742827 4123993.29754
302597.769442 4123993.67439
302597.779881 4123994.11823
302597.817455 4123994.58363
302597.834938 4123994.9496
302597.844593 4123995.36015
302597.854771 4123995.79289
302597.872254 4123996.15885
302597.88217 4123996.5805
302597.901219 4123997.01304
302597.910092 4123997.39031
302597.92914 4123997.82284
302597.94845 4123998.26648
302597.957584 4123998.65484
302597.985504 4123999.08717
302597.978461 4123999.54252
302597.996466 4123999.93067
302598.006904 4124000.37451
302598.008993 4124000.84076
302598.009256 4124001.22933
302598.011084 4124001.68447
302597.99517 4124002.14004
302597.995694 4124002.5397
302598.015525 4124003.00553
302598.027007 4124003.49375
302598.036663 4124003.90431
302598.047363 4124004.35924
302598.049713 4124004.83658
302598.067979 4124005.23583
302598.088332 4124005.72385
302598.117557 4124006.21166
302598.101382 4124006.65612
302598.121996 4124007.15524
302598.160614 4124007.66503
302598.170792 4124008.09777
302598.191406 4124008.59689
302598.220892 4124009.09579
302598.248551 4124009.51702
302598.260294 4124010.01635
302598.28117 4124010.52655
302598.299957 4124010.948
302598.320311 4124011.43601
302598.332054 4124011.93533
302598.350842 4124012.35677
302598.370934 4124012.8337
302598.391288 4124013.32171
302598.409554 4124013.72096
302598.429385 4124014.18679
302598.458349 4124014.6635
302598.449741 4124015.05228
302598.46905 4124015.49591
302598.514712 4124015.92782
302598.514714 4124016.3053
302598.542634 4124016.73762
302598.551768 4124017.12598
302598.569512 4124017.50304
302598.624306 4124017.94584
302598.670229 4124018.38885
302598.723979 4124018.78726
302598.796777 4124019.24074
302598.860964 4124019.70552
302598.905844 4124020.10414
302598.961421 4124020.58023
302599.025869 4124021.05611
302599.097884 4124021.4763
302599.144851 4124021.96369
302599.227302 4124022.45024
302599.272704 4124022.87106
302599.355155 4124023.35761
302599.419604 4124023.83349
302599.473354 4124024.23191
302599.564155 4124024.69606
302599.628342 4124025.16084
302599.690964 4124025.55905
302599.763761 4124026.01253
302599.836298 4124026.45491
302599.907268 4124026.83071
302599.979544 4124027.262
302600.043209 4124027.70459
302600.095916 4124028.05862
302600.168191 4124028.4899
302600.231335 4124028.9103
302600.284041 4124029.26433
302600.364927 4124029.68431
302600.436942 4124030.1045
302600.489648 4124030.45853
302600.535049 4124030.87934
302600.580711 4124031.31126
302600.633679 4124031.67638
302600.687951 4124032.09699
302600.734396 4124032.56219
302600.779275 4124032.96081
302600.843201 4124033.4145
302600.915738 4124033.85688
302600.968966 4124034.2331
302601.041764 4124034.68658
302601.114561 4124035.14005
302601.167789 4124035.51628
302601.223106 4124035.98127
302601.269289 4124036.43537
302601.314169 4124036.83399
302601.369485 4124037.29898
302601.425062 4124037.77507
302601.46968 4124038.1626
302601.515603 4124038.6056
302601.544305 4124039.07122
302601.571703 4124039.48135
302601.609016 4124039.93567
302601.6552 4124040.38977
302601.64633 4124040.76745
302601.65703 4124041.22239
302601.676339 4124041.66602
302601.676341 4124042.0435
302601.667993 4124042.44337
302601.660429 4124042.87653
302601.651037 4124043.23202
302601.669303 4124043.63127
302601.643996 4124044.06485
302601.634604 4124044.42034
302601.636172 4124044.86439
302601.611126 4124045.30907
302601.602256 4124045.68675
302601.577732 4124046.15362
302601.56234 4124046.63138
302601.553992 4124047.03125
302601.538339 4124047.49791
302601.523208 4124047.98676
302601.505989 4124048.38685
302601.490597 4124048.8646
302601.484076 4124049.34215
302601.46738 4124049.76442
302601.451988 4124050.24218
302601.462948 4124050.70821
302601.436858 4124051.1085
302601.420944 4124051.56407
302601.387027 4124052.00895
302601.351283 4124052.37616
302601.316583 4124052.78776
302601.264141 4124053.19978
302601.228136 4124053.55589
302601.193436 4124053.96749
302601.158475 4124054.36799
302601.122471 4124054.72411
302601.087249 4124055.11351
302601.070552 4124055.53579
302601.05255 4124055.90258
302601.01785 4124056.31418
302600.957059 4124056.74859
302600.930186 4124057.1156
302600.886876 4124057.5385
302600.826085 4124057.97291
302600.798951 4124058.32882
302600.764512 4124058.75151
302600.72068 4124059.15222
302600.674239 4124059.44197
302600.664064 4124059.76417
302600.594402 4124060.1988
302600.523435 4124060.57794
302600.43603 4124061.01298
302600.366368 4124061.4476
302600.2954 4124061.82675
302600.207996 4124062.26179
302600.120591 4124062.69683
302600.049624 4124063.07597
302599.971091 4124063.5108
302599.883686 4124063.94584
302599.812458 4124064.31389
302599.707311 4124064.74935
302599.6293 4124065.20637
302599.549461 4124065.58572
302599.453186 4124066.02097
302599.365781 4124066.45601
302599.303424 4124066.82385
302599.198278 4124067.25931
302599.084521 4124067.70607
302598.97833 4124068.09714
302598.864834 4124068.555
302598.760471 4124069.02375
302598.663412 4124069.42571
302598.559571 4124069.91665
302598.4646 4124070.40738
302598.386328 4124070.8533
302598.299967 4124071.33273
302598.240742 4124071.83372
302598.206303 4124072.25641
302598.17343 4124072.74568
302598.149689 4124073.24584
302598.141864 4124073.66791
302598.10873 4124074.14608
302598.066986 4124074.63556
302598.076642 4124075.04611
302598.060989 4124075.51277
302598.045337 4124075.97943
302598.028379 4124076.39061
302598.012988 4124076.86836
302598.006467 4124077.34591
302598.006991 4124077.74558
302598.027084 4124078.2225
302598.002299 4124078.67827
302597.985603 4124079.10054
302597.996302 4124079.55548
302597.989521 4124080.02193
302597.990045 4124080.4216
302597.982741 4124080.86586
302597.985092 4124081.3432
302597.985616 4124081.74286
302598.022668 4124082.18608
302598.033367 4124082.64102
302598.024759 4124083.02979
302598.034937 4124083.46254
302598.063118 4124083.90596
302598.063381 4124084.29453
302598.064948 4124084.73858
302598.066777 4124085.19373
302598.058169 4124085.58251
302598.059998 4124086.03766
302598.062087 4124086.5039
302598.05374 4124086.90377
302598.056091 4124087.38111
302598.049831 4124087.86975
302598.050616 4124088.28052
302598.052705 4124088.74676
302598.045663 4124089.20211
302598.054797 4124089.59047
302598.038623 4124090.03494
302598.0488 4124090.46769
302598.031321 4124090.85667
302598.006276 4124091.30135
302597.981491 4124091.75712
302597.955663 4124092.16851
302597.940271 4124092.64627
302597.924619 4124093.11293
302597.916532 4124093.5239
302597.901141 4124094.00165
302597.885749 4124094.47941
302597.877663 4124094.89038
302597.862011 4124095.35704
302597.855229 4124095.82349
302597.855753 4124096.22316
302597.858104 4124096.70049
302597.833319 4124097.15627
302597.834104 4124097.56703
302597.836194 4124098.03327
302597.838545 4124098.51061
302597.830719 4124098.93268
302597.842202 4124099.4209
302597.853163 4124099.88693
302597.853948 4124100.2977
302597.865169 4124100.77483
302597.893872 4124101.24044
302597.877176 4124101.66272
302597.880049 4124102.16225
302597.864657 4124102.64
302597.865181 4124103.03967
302597.84118 4124103.52873
302597.807263 4124103.97362
302597.807787 4124104.37328
302597.76526 4124104.82947
302597.766045 4124105.24023
302597.739695 4124105.62943
302597.705518 4124106.06322
302597.698736 4124106.52967
302597.680213 4124106.87427
302597.655168 4124107.31895
302597.63795 4124107.71903
302597.601163 4124108.04186
302597.575073 4124108.44215
302597.558638 4124108.87552
302597.549247 4124109.23101
302597.532551 4124109.65329
302597.524726 4124110.07536
302597.515596 4124110.44194
302597.50777 4124110.86401
302597.517426 4124111.27456
302597.516646 4124111.61875
302597.491078 4124112.04123
302597.474643 4124112.4746
302597.45612 4124112.81921
302597.431075 4124113.26388
302597.4149 4124113.70835
302597.370808 4124114.09796
302597.319933 4124114.57655
302597.268535 4124115.03295
302597.206962 4124115.43408
302597.120863 4124115.9246
302597.017022 4124116.41554
302596.938228 4124116.83927
302596.851869 4124117.3187
302596.738896 4124117.79875
302596.642099 4124118.21181
302596.511645 4124118.70337
302596.380408 4124119.16165
302596.273958 4124119.54162
302596.133589 4124119.98901
302595.984088 4124120.42551
302595.841632 4124120.78413
302595.656125 4124121.19928
302595.470879 4124121.62552
302595.301287 4124121.96257
302595.106387 4124122.35573
302594.893745 4124122.74931
302594.715282 4124123.08657
302594.484376 4124123.45837
302594.271212 4124123.82976
302594.082835 4124124.12285
302593.842275 4124124.46157
302593.601715 4124124.80029
302593.37707 4124125.06093
302593.100504 4124125.37829
302592.805674 4124125.67388
302592.528325 4124125.95796
302592.199055 4124126.29877
302591.852043 4124126.64
302591.530861 4124126.94731
302591.139493 4124127.28958
302590.738733 4124127.60987
302590.372934 4124127.90713
302589.927297 4124128.20627
302589.498357 4124128.4606
302589.112729 4124128.66951
302588.656655 4124128.90228
302588.208929 4124129.11265
302587.821735 4124129.25499
302587.346614 4124129.4327
302586.880103 4124129.5991
302586.465774 4124129.71987
302585.971344 4124129.83142
302585.476654 4124129.93187
302585.060759 4124129.98606
302584.565286 4124130.05322
302584.087294 4124130.10888
302583.653917 4124130.17458
302583.175142 4124130.19694
302582.687757 4124130.23061
302582.280211 4124130.2624
302581.810568 4124130.29565
302581.350057 4124130.33979
302580.968863 4124130.35986
302580.525311 4124130.37029
302580.081237 4124130.35853
302579.725613 4124130.33359
302579.342853 4124130.28709
302578.941307 4124130.19661
302578.655346 4124130.11452
302578.263193 4124130.04603
302577.88826 4124129.95493
302577.566815 4124129.87367
302577.19136 4124129.76038
302576.798685 4124129.6697
302576.468108 4124129.57755
302576.074911 4124129.46468
302575.681975 4124129.3629
302575.342526 4124129.27096
302574.940459 4124129.1583
302574.547523 4124129.05652
302574.199203 4124128.96479
302573.788525 4124128.86343
302573.395328 4124128.75055
302573.047269 4124128.66992
302572.654072 4124128.55705
302572.261137 4124128.45527
302571.93943 4124128.36292
302571.546755 4124128.27223
302571.16269 4124128.17025
302570.841244 4124128.08899
302570.456918 4124127.97591
302570.081986 4124127.88481
302569.778021 4124127.79204
302569.411437 4124127.67854
302569.036765 4124127.59853
302568.733062 4124127.51686
302568.35839 4124127.43686
302568.00146 4124127.35643
302567.689929 4124127.31935
302567.333782 4124127.27222
302566.960676 4124127.25879
302566.649668 4124127.2439
302566.293782 4124127.20787
302565.920676 4124127.19444
302565.609668 4124127.17955
302565.254565 4124127.1768
302564.925292 4124127.14014
302564.623677 4124127.14723
302564.259964 4124127.15579
302563.9046 4124127.14194
302563.602462 4124127.12685
302563.229618 4124127.12452
302562.857034 4124127.13328
302562.537415 4124127.1297
302562.173702 4124127.13825
302561.81025 4124127.15791
302561.490632 4124127.15432
302561.153271 4124127.15116
302560.789558 4124127.15971
302560.470201 4124127.16722
302560.115098 4124127.16448
302559.742253 4124127.16214
302559.422895 4124127.16966
302559.04144 4124127.17863
302558.668596 4124127.1763
302558.340367 4124127.18402
302557.94117 4124127.19341
302557.559715 4124127.20238
302557.222615 4124127.21031
302556.814547 4124127.21991
302556.415089 4124127.21821
302556.060247 4124127.22656
302555.652179 4124127.23616
302555.252721 4124127.23445
302554.90649 4124127.23149
302554.515642 4124127.21848
302554.098441 4124127.2172
302553.7436 4124127.22554
302553.335271 4124127.22405
302552.944423 4124127.21104
302552.58071 4124127.21959
302552.18073 4124127.1957
302551.781272 4124127.19399
302551.42643 4124127.20234
302551.02645 4124127.17844
302550.618382 4124127.18804
302550.298502 4124127.17336
302549.907915 4124127.17145
302549.525938 4124127.15823
302549.206319 4124127.15465
302548.815732 4124127.15273
302548.460629 4124127.14999
302548.132401 4124127.15771
302547.750424 4124127.14449
302547.359576 4124127.13148
302547.022476 4124127.13941
302546.640499 4124127.12619
302546.267915 4124127.13496
302545.921422 4124127.12091
302545.513093 4124127.11941
302545.122506 4124127.1175
302544.758271 4124127.10386
302544.323068 4124127.09189
302543.878993 4124127.08014
302543.505626 4124127.05561
302543.06103 4124127.02167
302542.633914 4124126.9762
302542.269157 4124126.94038
302541.850652 4124126.88361
302541.431886 4124126.81574
302541.066345 4124126.74663
302540.647318 4124126.66767
302540.219158 4124126.57782
302539.852835 4124126.47542
302539.415021 4124126.35249
302538.968336 4124126.22978
302538.574616 4124126.09471
302538.118538 4124125.95001
302537.662199 4124125.79421
302537.259347 4124125.64826
302536.828577 4124125.44745
302536.406416 4124125.23534
302536.081838 4124125.02094
302535.720469 4124124.75188
302535.376843 4124124.48241
302535.122188 4124124.22195
302534.822395 4124123.92925
302534.574523 4124123.57981
302534.399186 4124123.29528
302534.177405 4124122.92302
302533.973627 4124122.56144
302533.796984 4124122.22143
302533.584596 4124121.87116
302533.371686 4124121.49869
302533.195043 4124121.15868
302532.999353 4124120.76361
302532.820882 4124120.34592
302532.696944 4124119.98247
302532.553436 4124119.54175
302532.471764 4124119.08849
302532.365828 4124118.73571
302532.195446 4124118.28453
302532.122645 4124117.83105
302532.05115 4124117.43306
302531.960346 4124116.9689
302531.913636 4124116.4926
302531.869276 4124116.11617
302531.875531 4124115.62753
302531.900312 4124115.17176
302531.873172 4124114.77272
302531.88021 4124114.31736
302531.878639 4124113.87331
302531.905247 4124113.49521
302531.903415 4124113.04007
302531.919586 4124112.5956
302531.91932 4124112.20703
302531.909138 4124111.77428
302531.916438 4124111.33002
302531.907562 4124110.95276
302531.897642 4124110.53111
302531.88746 4124110.09836
302531.887978 4124109.74308
302531.913281 4124109.3095
302531.91197 4124108.87655
302531.9044 4124108.55476
302531.894479 4124108.13311
302531.875688 4124107.71167
302531.849853 4124107.36811
302531.81332 4124106.94709
302531.80366 4124106.53653
302531.795307 4124106.18146
302531.750163 4124105.77174
302531.740765 4124105.37228
302531.706059 4124105.02893
302531.696139 4124104.60728
302531.685957 4124104.17454
302531.677342 4124103.80837
302531.702123 4124103.3526
302531.700552 4124102.90855
302531.673934 4124102.5317
302531.698454 4124102.06483
302531.696621 4124101.60968
302531.696617 4124101.23221
302531.703394 4124100.76576
302531.692691 4124100.31082
302531.701296 4124099.92204
302531.690592 4124099.4671
302531.662669 4124099.03478
302531.671274 4124098.646
302531.661093 4124098.21325
302531.677264 4124097.76878
302531.68613 4124097.3911
302531.702562 4124096.95773
302531.710123 4124096.52457
302531.718989 4124096.14688
302531.70933 4124095.73633
302531.708281 4124095.31447
302531.708276 4124094.937
302531.689223 4124094.50446
302531.688435 4124094.0937
302531.67982 4124093.72753
302531.669639 4124093.29478
302531.677461 4124092.87272
302531.669107 4124092.51764
302531.659709 4124092.11819
302531.65005 4124091.70763
302531.641957 4124091.36366
302531.632037 4124090.94201
302531.622378 4124090.53145
302531.622895 4124090.17617
302531.612714 4124089.74342
302531.611404 4124089.31047
302531.593918 4124088.94451
302531.601218 4124088.50025
302531.608256 4124088.0449
302531.590248 4124087.65674
302531.588155 4124087.1905
302531.603804 4124086.72384
302531.594145 4124086.31329
302531.591529 4124085.82485
302531.588653 4124085.32532
302531.587343 4124084.89237
302531.575595 4124084.39305
302531.572196 4124083.87132
302531.588629 4124083.43795
302531.567488 4124082.91665
302531.573221 4124082.40581
302531.572172 4124081.98395
302531.551815 4124081.49594
302531.557809 4124080.9962
302531.547889 4124080.57455
302531.545535 4124080.09721
302531.551529 4124079.59747
302531.550219 4124079.16452
302531.556214 4124078.66478
302531.553337 4124078.16525
302531.551766 4124077.7212
302531.548629 4124077.21057
302531.554623 4124076.71083
302531.553313 4124076.27787
302531.541827 4124075.78965
302531.539472 4124075.31231
302531.520681 4124074.89087
302531.509456 4124074.41374
302531.489098 4124073.92572
302531.461436 4124073.50449
302531.440817 4124073.00538
302531.411327 4124072.50647
302531.410278 4124072.08462
302531.389921 4124071.5966
302531.378434 4124071.10837
302531.368514 4124070.68672
302531.35755 4124070.22069
302531.354934 4124069.73225
302531.345536 4124069.3328
302531.325701 4124068.86697
302531.323608 4124068.40073
302531.323081 4124068.00106
302531.303506 4124067.54633
302531.292803 4124067.0914
302531.292537 4124066.70283
302531.272963 4124066.2481
302531.288873 4124065.79253
302531.279736 4124065.40417
302531.269294 4124064.96033
302531.267722 4124064.51628
302531.267457 4124064.12771
302531.248143 4124063.68408
302531.255443 4124063.23982
302531.255699 4124062.87344
302531.254128 4124062.42939
302531.278909 4124061.97362
302531.278383 4124061.57395
302531.294293 4124061.11839
302531.310203 4124060.66282
302531.327157 4124060.25164
302531.342545 4124059.77389
302531.358194 4124059.30723
302531.366016 4124058.88516
302531.381404 4124058.40741
302531.396531 4124057.91855
302531.395482 4124057.4967
302531.410348 4124056.99675
302531.425214 4124056.4968
302531.432775 4124056.06364
302531.447641 4124055.56369
302531.453636 4124055.06395
302531.461197 4124054.63079
302531.467191 4124054.13105
302531.482318 4124053.6422
302531.472398 4124053.22055
302531.496396 4124052.73149
302531.502913 4124052.25394
302531.502125 4124051.84318
302531.517513 4124051.36542
302531.542034 4124050.89855
302531.541768 4124050.50998
302531.548807 4124050.05463
302531.547497 4124049.62167
302531.565495 4124049.25488
302531.573318 4124048.83281
302531.598882 4124048.41033
302531.59966 4124048.06614
302531.607744 4124047.65517
302531.615827 4124047.2442
302531.616344 4124046.88892
302531.624428 4124046.47795
302531.632511 4124046.06697
302531.641899 4124045.71148
302531.640851 4124045.28963
302531.648673 4124044.86756
302531.657539 4124044.48988
302531.656229 4124044.05692
302531.6724 4124043.61245
302531.672657 4124043.24608
302531.680479 4124042.82401
302531.67082 4124042.41346
302531.697429 4124042.03536
302531.705512 4124041.62438
302531.704724 4124041.21362
302531.714374 4124040.86923
302531.722457 4124040.45826
302531.721669 4124040.04749
302531.73158 4124039.7142
302531.749057 4124039.32521
302531.748791 4124038.93664
302531.758963 4124038.61444
302531.750087 4124038.23717
302531.750082 4124037.8597
302531.760254 4124037.53749
302531.760249 4124037.16002
302531.768855 4124036.77124
302531.778504 4124036.42685
302531.795459 4124036.01567
302531.795193 4124035.6271
302531.795449 4124035.26072
302531.803272 4124034.83865
302531.810833 4124034.40549
302531.81996 4124034.0389
302531.845264 4124033.60532
302531.852564 4124033.16106
302531.86117 4124032.77228
302531.88569 4124032.30542
302531.892207 4124031.82787
302531.900551 4124031.42799
302531.915418 4124030.92805
302531.922196 4124030.46159
302531.938889 4124030.03932
302531.944884 4124029.53958
302531.959489 4124029.02854
302531.966789 4124028.58428
302531.981394 4124028.07323
302531.987389 4124027.57349
302532.003822 4124027.14012
302532.009817 4124026.64038
302532.015812 4124026.14064
302532.032505 4124025.71837
302532.0385 4124025.21863
302532.062498 4124024.72957
302532.088063 4124024.30708
302532.129804 4124023.81761
302532.171806 4124023.33922
302532.197892 4124022.93893
302532.222674 4124022.48316
302532.255804 4124022.00499
302532.273281 4124021.616
302532.306934 4124021.16002
302532.322583 4124020.69336
302532.339799 4124020.29327
302532.355187 4124019.81552
302532.388057 4124019.32625
302532.413882 4124018.91486
302532.455623 4124018.42538
302532.497103 4124017.92481
302532.540671 4124017.513
302532.582412 4124017.02352
302532.650505 4124016.52232
302532.720164 4124016.0877
302532.832613 4124015.58546
302532.963066 4124015.09389
302533.095085 4124014.6689
302533.243018 4124014.16582
302533.417566 4124013.66212
302533.585069 4124013.2363
302533.795362 4124012.74285
302534.033052 4124012.28207
302534.254827 4124011.89938
302534.519913 4124011.47126
302534.784999 4124011.04314
302535.025039 4124010.68222
302535.317261 4124010.27567
302535.618354 4124009.86891
302535.894139 4124009.51825
302536.231239 4124009.13285
302536.586604 4124008.76922
302536.889785 4124008.45123
302537.272025 4124008.09807
302537.654786 4124007.7671
302537.993974 4124007.47046
302538.393956 4124007.11688
302538.811941 4124006.77398
302539.160262 4124006.48824
302539.587901 4124006.17842
302540.025456 4124005.91277
302540.393347 4124005.70428
302540.823075 4124005.48323
302541.244453 4124005.28458
302541.604778 4124005.13177
302542.018069 4124004.96662
302542.43162 4124004.81256
302542.792989 4124004.70414
302543.188799 4124004.5505
302543.594262 4124004.42994
302543.937889 4124004.32194
302544.343875 4124004.22357
302544.740467 4124004.10322
302545.075745 4124004.01761
302545.472859 4124003.91946
302545.870496 4124003.84349
302546.206556 4124003.79117
302546.604454 4124003.7263
302547.011484 4124003.67232
302547.365287 4124003.61959
302547.772317 4124003.5656
302548.188479 4124003.52251
302548.560546 4124003.49155
302548.985841 4124003.45934
302549.428878 4124003.42671
302549.801467 4124003.41795
302550.227022 4124003.39684
302550.643707 4124003.37593
302550.98916 4124003.3456
302551.406106 4124003.33579
302551.805309 4124003.3264
302552.160156 4124003.31805
302552.585711 4124003.29694
302553.002917 4124003.29823
302553.384639 4124003.30035
302553.828459 4124003.30101
302554.263146 4124003.29079
302554.653739 4124003.2927
302555.097559 4124003.29336
302555.541379 4124003.29403
302555.931971 4124003.29594
302556.393534 4124003.29618
302556.828482 4124003.29705
302557.219336 4124003.31006
302557.662895 4124003.29963
302558.106715 4124003.30029
302558.488697 4124003.31351
302558.923646 4124003.31438
302559.376337 4124003.31484
302559.766929 4124003.31675
302560.210749 4124003.31741
302560.663701 4124003.32896
302561.045423 4124003.33108
302561.489243 4124003.33175
302561.91532 4124003.33283
302562.27956 4124003.34646
302562.687895 4124003.34796
302563.113973 4124003.34904
302563.486562 4124003.34028
302563.921511 4124003.34115
302564.365591 4124003.3529
302564.755923 4124003.34372
302565.208875 4124003.35527
302565.670176 4124003.34442
302566.06964 4124003.34613
302566.557294 4124003.32356
302567.027988 4124003.33469
302567.454065 4124003.33577
302567.898407 4124003.35862
302568.395193 4124003.34694
302568.811877 4124003.32603
302569.290921 4124003.31477
302569.743873 4124003.32632
302570.134465 4124003.32823
302570.61377 4124003.32806
302571.084203 4124003.32809
302571.475057 4124003.34111
302571.954361 4124003.34093
302572.415662 4124003.33008
302572.806255 4124003.332
302573.276688 4124003.33203
302573.701983 4124003.29983
302574.092575 4124003.30174
302574.527524 4124003.30261
302574.927771 4124003.33761
302575.28314 4124003.35145
302575.691475 4124003.35295
302576.126162 4124003.34273
302576.525104 4124003.32224
302576.968402 4124003.30071
302577.40335 4124003.30158
302577.793682 4124003.2924
302578.263854 4124003.28134
302578.72646 4124003.32597
302579.142884 4124003.29397
302579.622449 4124003.3049
302580.137238 4124003.30389
302580.545051 4124003.2832
302581.015223 4124003.27214
302581.503138 4124003.26066
302581.875205 4124003.22971
302582.336245 4124003.20776
302582.796764 4124003.16362
302583.176658 4124003.08808
302583.663007 4124003.01002
302584.104739 4124002.92192
302584.466108 4124002.8135
302584.880183 4124002.68164
302585.285908 4124002.57218
302585.619881 4124002.43109
302585.98986 4124002.31137
302586.349403 4124002.12528
302586.619712 4124001.91908
302586.915851 4124001.67897
302587.230255 4124001.46064
302587.499781 4124001.22115
302587.785744 4124000.92577
302588.045616 4124000.6532
302588.260871 4124000.37059
302588.484997 4124000.08776
302588.681988 4123999.78337
302588.825491 4123999.46913
302588.977082 4123999.1214
302589.137022 4123998.75127
302589.23643 4123998.44917
302589.343143 4123998.08029
302589.423765 4123997.73422
302589.50543 4123997.43255
302589.594401 4123997.06408
302589.65702 4123996.70734
302589.7032 4123996.40649
302589.730595 4123996.06168
302589.740247 4123995.71729
302589.768947 4123995.42796
302589.769989 4123995.09487
302589.770509 4123994.73958
302589.763462 4123994.43999
302589.772593 4123994.0734
302589.77233 4123993.68483
302589.764501 4123993.35195
302589.772848 4123992.95208
302589.816158 4123992.52918
302589.798936 4123992.17431
302589.79789 4123991.75245
302589.787973 4123991.33081
302589.77049 4123990.96484
302589.734481 4123990.56601
302589.759266 4123990.11024
302589.706559 4123989.75621
302589.678639 4123989.32388
302589.668461 4123988.89114
302589.642106 4123988.52539
302589.631407 4123988.07045
302589.620968 4123987.62661
302589.612095 4123987.24934
302589.592785 4123986.80571
302589.591217 4123986.36166
302589.55573 4123985.98502
302589.500935 4123985.54222
302589.437008 4123985.08854
302589.418481 4123984.67819
302589.345683 4123984.22471
302589.307587 4123983.73711
302589.262446 4123983.32739
302589.22461 4123982.85089
302589.160161 4123982.37501
302589.123892 4123981.96509
302589.077185 4123981.48879
302589.012736 4123981.01291
302588.968117 4123980.62539
302588.903929 4123980.1606
302588.858006 4123979.7176
302588.813387 4123979.33007
302588.776334 4123978.88686
302588.739282 4123978.44364
302588.712927 4123978.07789
302588.667525 4123977.65707
302588.639605 4123977.22474
302588.604379 4123976.8592
302588.57672 4123976.43797
302588.530796 4123975.99496
302588.504181 4123975.61811
302588.449647 4123975.18641
302588.403984 4123974.7545
302588.350755 4123974.37828
302588.286828 4123973.92459
302588.205158 4123973.47133
302588.142536 4123973.07312
302588.061128 4123972.63095
302587.988329 4123972.17747
302587.917358 4123971.80167
302587.827078 4123971.3597
302587.745408 4123970.90643
302587.665565 4123970.53084
302587.574764 4123970.06668
302587.475091 4123969.60273
302587.394987 4123969.21604
302587.277311 4123968.74142
302587.177377 4123968.26637
302587.079008 4123967.85791
302586.961071 4123967.37218
302586.860876 4123966.88605
302586.77164 4123966.48847
302586.653964 4123966.01384
302586.554291 4123965.54989
302586.456183 4123965.15252
302586.347639 4123964.68878
302586.239617 4123964.24724
302586.150903 4123963.87185
302586.025138 4123963.43072
302585.899634 4123963.00069
302585.793438 4123962.63681
302585.668456 4123962.22897
302585.534342 4123961.81024
302585.437279 4123961.45726
302585.294554 4123961.04983
302585.152091 4123960.65351
302585.046417 4123960.31182
302584.921696 4123959.91508
302584.797236 4123959.52943
302584.67382 4123959.18817
302584.54936 4123958.80252
302584.425422 4123958.43906
302584.320531 4123958.13067
302584.187983 4123957.77851
302584.064567 4123957.43725
302583.968808 4123957.13974
302583.845653 4123956.80957
302583.731108 4123956.4681
302583.662746 4123956.20326
302583.539591 4123955.87309
302583.425568 4123955.55381
302583.32146 4123955.2787
302583.198304 4123954.94853
302583.084281 4123954.62925
302582.980173 4123954.35415
302582.857279 4123954.03507
302582.742995 4123953.7047
302582.638626 4123953.41849
302582.541823 4123953.0766
302582.418407 4123952.73534
302582.340652 4123952.44851
302582.226107 4123952.10704
302582.102429 4123951.75468
302581.997799 4123951.45738
302581.882993 4123951.10481
302581.749923 4123950.73047
302581.644771 4123950.41098
302581.493958 4123950.03705
302581.369498 4123949.6514
302581.255213 4123949.32102
302581.121882 4123948.93558
302580.979418 4123948.53925
302580.865134 4123948.20888
302580.722931 4123947.82365
302580.571857 4123947.43862
302580.448441 4123947.09736
302580.305977 4123946.70103
302580.145509 4123946.29402
302579.995218 4123945.94229
302579.834229 4123945.51309
302579.673501 4123945.09499
302579.53182 4123944.73195
302579.361698 4123944.29186
302579.173834 4123943.8522
302579.023282 4123943.48936
302578.83594 4123943.07189
302578.648337 4123942.64332
302578.497784 4123942.28049
302578.319313 4123941.8628
302578.131971 4123941.44532
302577.972809 4123941.0938
302577.785206 4123940.66523
302577.597863 4123940.24775
302577.42983 4123939.89643
302577.242487 4123939.47896
302577.055406 4123939.07258
302576.905376 4123938.73194
302576.718555 4123938.33665
302576.531996 4123937.95246
302576.382226 4123937.62292
302576.20506 4123937.26072
302576.027633 4123936.88742
302575.878386 4123936.58007
302575.701219 4123936.21786
302575.533446 4123935.87764
302575.38446 4123935.58139
302575.207815 4123935.24137
302575.040303 4123934.91225
302574.900449 4123934.62688
302574.759551 4123934.29713
302574.610042 4123933.97868
302574.478798 4123933.68201
302574.320418 4123933.36377
302574.17952 4123933.03402
302574.049319 4123932.78173
302573.926425 4123932.46266
302573.776655 4123932.13312
302573.645672 4123931.84754
302573.495902 4123931.518
302573.345871 4123931.17736
302573.206017 4123930.89199
302573.055725 4123930.54026
302572.896823 4123930.19983
302572.765318 4123929.89206
302572.606416 4123929.55163
302572.438382 4123929.20032
302572.307138 4123928.90364
302572.156585 4123928.54081
302572.006554 4123928.20017
302571.884442 4123927.91439
302571.743021 4123927.56245
302571.601601 4123927.2105
302571.479228 4123926.91362
302571.337807 4123926.56168
302571.187254 4123926.19885
302571.055488 4123925.87999
302570.904935 4123925.51715
302570.75386 4123925.13213
302570.604351 4123924.81369
302570.453538 4123924.43976
302570.275588 4123924.04427
302570.125818 4123923.71472
302569.948129 4123923.33033
302569.761569 4123922.94614
302569.602928 4123922.61681
302569.416368 4123922.23262
302569.230069 4123921.85953
302569.071428 4123921.53019
302568.902871 4123921.15668
302568.734576 4123920.79427
302568.576457 4123920.48713
302568.39929 4123920.12492
302568.230994 4123919.76251
302568.091139 4123919.47714
302567.89623 4123919.11535
302567.719324 4123918.76425
302567.570076 4123918.4569
302567.39317 4123918.10579
302567.216264 4123917.75468
302567.067277 4123917.45842
302566.89011 4123917.09622
302566.704072 4123916.73422
302566.554824 4123916.42687
302566.377918 4123916.07577
302566.201012 4123915.72466
302566.052025 4123915.4284
302565.87538 4123915.08839
302565.698213 4123914.72619
302565.540093 4123914.41904
302565.354316 4123914.06814
302565.168016 4123913.69505
302565.018507 4123913.37661
302564.814726 4123913.01503
302564.628427 4123912.64194
302564.435083 4123912.34672
302564.239652 4123911.96274
302564.04422 4123911.57877
302563.867314 4123911.22766
302563.680231 4123910.82128
302563.484016 4123910.40401
302563.306849 4123910.04181
302563.092631 4123909.61386
302562.887284 4123909.1857
302562.701245 4123908.82371
302562.496159 4123908.40665
302562.300205 4123908.00048
302562.123299 4123907.64937
302561.954481 4123907.26477
302561.740785 4123906.85901
302561.573271 4123906.52989
302561.378101 4123906.157
302561.174058 4123905.78433
302560.997935 4123905.46651
302560.811635 4123905.09342
302560.644644 4123904.78648
302560.458344 4123904.41339
302560.254563 4123904.05181
302560.059914 4123903.70112
302559.901794 4123903.39398
302559.706623 4123903.0211
302559.49397 4123902.65973
302559.335329 4123902.33039
302559.140418 4123901.96861
302558.954641 4123901.61771
302558.787649 4123901.31077
302558.592478 4123900.93789
302558.397568 4123900.5761
302558.230316 4123900.25808
302558.044016 4123899.88498
302557.849367 4123899.53429
302557.691508 4123899.23825
302557.50573 4123898.88735
302557.329345 4123898.55843
302557.180096 4123898.25108
302557.012322 4123897.91086
302556.853158 4123897.55933
302556.721912 4123897.26266
302556.536134 4123896.91176
302556.359228 4123896.56065
302556.201368 4123896.26461
302556.024984 4123895.93569
302555.839467 4123895.59589
302555.681085 4123895.27765
302555.504179 4123894.92654
302555.327272 4123894.57543
302555.16863 4123894.2461
302554.964587 4123893.87343
302554.75089 4123893.46767
302554.53902 4123893.13959
302554.334716 4123892.75582
302554.139022 4123892.36075
302553.962376 4123892.02073
302553.784425 4123891.62524
302553.570206 4123891.1973
302553.393038 4123890.83509
302553.196823 4123890.41782
302552.973732 4123889.99009
302552.787432 4123889.617
302552.590955 4123889.18863
302552.385607 4123888.76048
302552.199568 4123888.39848
302551.993958 4123887.95923
302551.779739 4123887.53129
302551.584567 4123887.1584
302551.378697 4123886.70806
302551.18222 4123886.27969
302551.005052 4123885.91749
302550.817447 4123885.48892
302550.656716 4123885.07082
302550.470676 4123884.70882
302550.27446 4123884.29155
302550.104858 4123883.87366
302549.9363 4123883.50015
302549.757566 4123883.07137
302549.569438 4123882.62061
302549.410013 4123882.25798
302549.231278 4123881.8292
302549.070547 4123881.4111
302548.911644 4123881.07067
302548.742042 4123880.65278
302548.563829 4123880.24619
302548.422407 4123879.89425
302548.244194 4123879.48766
302548.065982 4123879.08107
302547.915688 4123878.72934
302547.746086 4123878.31144
302547.54987 4123877.89418
302547.408448 4123877.54223
302547.212232 4123877.12497
302547.034019 4123876.71838
302546.883986 4123876.37774
302546.714906 4123875.98204
302546.528605 4123875.60895
302546.387444 4123875.2681
302546.201143 4123874.89501
302546.032324 4123874.51041
302545.873681 4123874.18107
302545.696251 4123873.80777
302545.518822 4123873.43447
302545.369311 4123873.11603
302545.18301 4123872.74293
302545.005319 4123872.35854
302544.837544 4123872.01832
302544.650982 4123871.63413
302544.455809 4123871.26125
302544.296905 4123870.92082
302544.09234 4123870.52595
302543.888035 4123870.14218
302543.720259 4123869.80196
302543.507083 4123869.4184
302543.302517 4123869.02353
302543.099257 4123868.68415
302542.886081 4123868.30058
302542.655162 4123867.91744
302542.479037 4123867.59962
302542.257512 4123867.23846
302542.0626 4123866.87667
302541.913611 4123866.58042
302541.701218 4123866.23015
302541.488825 4123865.87987
302541.322093 4123865.58404
302541.109961 4123865.24486
302540.94323 4123864.94902
302540.749101 4123864.62052
302540.554189 4123864.25874
302540.351189 4123863.93045
302540.166976 4123863.64612
302539.972848 4123863.31763
302539.761237 4123863.00064
302539.61277 4123862.72658
302539.409509 4123862.38719
302539.224774 4123862.08068
302539.058826 4123861.81813
302538.873829 4123861.50052
302538.679701 4123861.17202
302538.495226 4123860.8766
302538.291965 4123860.53721
302538.079572 4123860.18694
302537.885704 4123859.86954
302537.663656 4123859.48619
302537.47866 4123859.16857
302537.247218 4123858.76324
302537.033519 4123858.35749
302536.81121 4123857.96304
302536.634824 4123857.63412
302536.411993 4123857.21748
302536.189423 4123856.81194
302535.994772 4123856.46125
302535.76333 4123856.05591
302535.586683 4123855.7159
302535.373245 4123855.32124
302535.141804 4123854.9159
302534.965417 4123854.58699
302534.75198 4123854.19233
302534.547674 4123853.80856
302534.334497 4123853.425
302534.158111 4123853.09608
302533.962938 4123852.7232
302533.786812 4123852.40538
302533.582768 4123852.03271
302533.405598 4123851.6705
302533.210947 4123851.31981
302533.043954 4123851.01288
302532.840431 4123850.6624
302532.654651 4123850.3115
302532.487658 4123850.00457
302532.293268 4123849.66497
302532.10801 4123849.33627
302531.950149 4123849.04022
302531.773241 4123848.68911
302531.569718 4123848.33863
302531.394115 4123848.043
302531.216945 4123847.6808
302531.022554 4123847.3412
302530.8553 4123847.02318
302530.66952 4123846.67228
302530.511659 4123846.37623
302530.317008 4123846.02554
302530.104875 4123845.68636
302529.964757 4123845.3899
302529.787848 4123845.03879
302529.60259 4123844.71009
302529.436118 4123844.42535
302529.294956 4123844.0845
302529.144922 4123843.74386
302528.977929 4123843.43693
302528.782755 4123843.06405
302528.578971 4123842.70247
302528.411978 4123842.39554
302528.199062 4123842.02307
302528.004149 4123841.66129
302527.808975 4123841.2884
302527.641721 4123840.97038
302527.464551 4123840.60817
302527.306429 4123840.30103
302527.111777 4123839.95034
302526.935129 4123839.61033
302526.749349 4123839.25943
302526.60923 4123838.96297
302526.433104 4123838.64515
302526.284115 4123838.34889
302526.089724 4123838.0093
302525.904465 4123837.68059
302525.737733 4123837.38476
302525.552475 4123837.05605
302525.376088 4123836.72713
302525.181436 4123836.37644
302524.99696 4123836.08102
302524.793176 4123835.71945
302524.589131 4123835.34677
302524.404133 4123835.02916
302524.182606 4123834.668
302523.997348 4123834.33929
302523.784431 4123833.96683
302523.562643 4123833.59457
302523.349465 4123833.21101
302523.155335 4123832.88251
302522.933547 4123832.51026
302522.711759 4123832.138
302522.535894 4123831.83128
302522.322977 4123831.45881
302522.129108 4123831.14141
302521.925323 4123830.77983
302521.721539 4123830.41826
302521.535758 4123830.06736
302521.342411 4123829.77215
302521.138627 4123829.41057
302520.943713 4123829.04878
302520.776981 4123828.75295
302520.555714 4123828.40288
302520.379849 4123828.09616
302520.175803 4123827.72349
302519.972019 4123827.36191
302519.777105 4123827.00012
302519.582975 4123826.67162
302519.370058 4123826.29916
302519.184799 4123825.97045
302518.97997 4123825.56449
302518.739917 4123825.17046
302518.536132 4123824.80888
302518.313038 4123824.38115
302518.098816 4123823.9532
302517.848586 4123823.5039
302517.626536 4123823.12055
302517.367435 4123822.67145
302517.117465 4123822.23325
302516.895677 4123821.86099
302516.636575 4123821.4119
302516.405915 4123821.03985
302516.146813 4123820.59076
302515.887712 4123820.14166
302515.665923 4123819.76941
302515.406821 4123819.32031
302515.183727 4123818.89258
302514.924887 4123818.45458
302514.702837 4123818.07123
302514.444518 4123817.65542
302514.205247 4123817.29468
302513.955278 4123816.85647
302513.687827 4123816.42978
302513.474909 4123816.05732
302513.216329 4123815.63041
302512.966882 4123815.2144
302512.762836 4123814.84173
302512.52226 4123814.4255
302512.281945 4123814.02038
302512.087031 4123813.65859
302511.855587 4123813.25326
302511.623621 4123812.82573
302511.455844 4123812.48551
302511.23301 4123812.06887
302511.001566 4123811.66353
302510.798303 4123811.32415
302510.566859 4123810.91881
302510.344287 4123810.51327
302510.149895 4123810.17367
302509.918451 4123809.76834
302509.705272 4123809.38478
302509.528362 4123809.03367
302509.30605 4123808.63922
302509.09261 4123808.24457
302508.90709 4123807.90476
302508.684778 4123807.51032
302508.471077 4123807.10456
302508.285556 4123806.76476
302508.054112 4123806.35943
302507.831278 4123805.94279
302507.645497 4123805.59189
302507.413791 4123805.17546
302507.190697 4123804.74772
302506.986911 4123804.38614
302506.745812 4123803.94773
302506.504713 4123803.50931
302506.291795 4123803.13685
302506.059568 4123802.69822
302505.827862 4123802.28179
302505.624077 4123801.92022
302505.392371 4123801.50378
302505.160927 4123801.09845
302504.938354 4123800.69291
302504.752572 4123800.34201
302504.53026 4123799.94756
302504.344478 4123799.59666
302504.130776 4123799.19091
302503.890461 4123798.78578
302503.704678 4123798.43488
302503.490716 4123798.01803
302503.268143 4123797.61249
302503.082883 4123797.28378
302502.869703 4123796.90022
302502.656262 4123796.50557
302502.470741 4123796.16576
302502.248168 4123795.76022
302502.034205 4123795.34337
302501.839552 4123794.99268
302501.616717 4123794.57604
302501.393883 4123794.1594
302501.19949 4123793.81981
302500.976656 4123793.40317
302500.745211 4123792.99783
302500.550558 4123792.64714
302500.319113 4123792.24181
302500.096017 4123791.81407
302499.864311 4123791.39764
302499.660525 4123791.03606
302499.455694 4123790.6301
302499.251908 4123790.26853
302499.01107 4123789.84121
302498.770231 4123789.41389
302498.575316 4123789.0521
302498.334478 4123788.62478
302498.093639 4123788.19747
302497.898463 4123787.82458
302497.666496 4123787.39706
302497.417047 4123786.98104
302497.213261 4123786.61947
302496.990687 4123786.21392
302496.758981 4123785.79749
302496.555455 4123785.44701
302496.32401 4123785.04168
302496.101698 4123784.64723
302495.907305 4123784.30763
302495.685253 4123783.92428
302495.507819 4123783.55098
302495.331691 4123783.23316
302495.119033 4123782.8718
302494.915247 4123782.51022
302494.757122 4123782.20308
302494.562468 4123781.85239
302494.368075 4123781.5128
302494.209951 4123781.20566
302494.015557 4123780.86606
302493.812293 4123780.52668
302493.645819 4123780.24194
302493.478301 4123779.91281
302493.301912 4123779.5839
302493.1357 4123779.31025
302492.968443 4123778.99223
302492.77431 4123778.66373
302492.616708 4123778.37878
302492.422576 4123778.05028
302492.237315 4123777.72158
302492.07058 4123777.42574
302491.876187 4123777.08615
302491.6724 4123776.72457
302491.4874 4123776.40696
302491.265609 4123776.0347
302491.052429 4123775.65114
302490.849425 4123775.32286
302490.627112 4123774.92841
302490.396188 4123774.54527
302490.201534 4123774.19458
302489.97896 4123773.78903
302489.738381 4123773.37281
302489.525723 4123773.01144
302489.32898 4123772.57198
302489.097273 4123772.15555
302488.964979 4123771.8145
302488.769802 4123771.44162
302488.583497 4123771.06853
302488.415979 4123770.7394
302488.220541 4123770.35543
302488.016492 4123769.98275
302487.858106 4123769.66452
302487.662668 4123769.28054
302487.46723 4123768.89656
302487.326587 4123768.57791
302487.140021 4123768.19372
302486.92684 4123767.81016
302486.758799 4123767.45884
302486.527092 4123767.04241
302486.303995 4123766.61468
302486.108818 4123766.2418
302485.894593 4123765.81385
302485.654014 4123765.39763
302485.46797 4123765.03564
302485.236523 4123764.6303
302485.031953 4123764.23544
302484.864173 4123763.89522
302484.659863 4123763.51145
302484.456076 4123763.14987
302484.261421 4123762.79918
302484.103296 4123762.49204
302483.917512 4123762.14114
302483.722596 4123761.77936
302483.564732 4123761.48331
302483.369816 4123761.12153
302483.203081 4123760.82569
302483.017036 4123760.4637
302482.830991 4123760.1017
302482.655123 4123759.79498
302482.460207 4123759.43319
302482.256158 4123759.06052
302482.089161 4123758.75359
302481.885113 4123758.38092
302481.681325 4123758.01934
302481.514328 4123757.71241
302481.328544 4123757.36151
302481.133889 4123757.01082
302480.976025 4123756.71478
302480.790502 4123756.37498
302480.614373 4123756.05716
302480.45677 4123755.77221
302480.28038 4123755.44329
302480.086247 4123755.1148
302479.928644 4123754.82985
302479.743382 4123754.50114
302479.557859 4123754.16134
302479.391384 4123753.8766
302479.196729 4123753.52591
302479.002073 4123753.17522
302478.826466 4123752.8796
302478.640682 4123752.5287
302478.446027 4123752.17801
302478.2425 4123751.82753
302478.066632 4123751.5208
302477.853711 4123751.14834
302477.677582 4123750.83052
302477.446918 4123750.45848
302477.233997 4123750.08601
302477.057607 4123749.7571
302476.853558 4123749.38442
302476.640637 4123749.01196
302476.436326 4123748.62819
302476.251064 4123748.29949
302476.046493 4123747.90462
302475.878974 4123747.5755
302475.665792 4123747.19194
302475.452349 4123746.79728
302475.257693 4123746.44659
302475.035117 4123746.04105
302474.812281 4123745.62441
302474.598576 4123745.21866
302474.412792 4123744.86776
302474.181084 4123744.45133
302473.995038 4123744.08933
302473.753936 4123743.65092
302473.512834 4123743.21251
302473.289475 4123742.77368
302473.094297 4123742.40079
302472.853195 4123741.96238
302472.648623 4123741.56752
302472.39865 4123741.12931
302472.157025 4123740.66871
302471.943582 4123740.27405
302471.70248 4123739.83564
302471.470249 4123739.39701
302471.26646 4123739.03544
302471.052495 4123738.61859
302470.820786 4123738.20216
302470.635002 4123737.85126
302470.403554 4123737.44593
302470.190111 4123737.05127
302470.004587 4123736.71147
302469.800276 4123736.3277
302469.586832 4123735.93304
302469.373911 4123735.56058
302469.197781 4123735.24276
302468.98486 4123734.8703
302468.81734 4123734.54117
302468.595286 4123734.15782
302468.390975 4123733.77406
302468.232327 4123733.44472
302468.019144 4123733.06116
302467.805962 4123732.6776
302467.629831 4123732.35979
302467.426042 4123731.99821
302467.231125 4123731.63642
302467.046384 4123731.32991
302466.851728 4123730.97922
302466.656811 4123730.61744
302466.490074 4123730.3216
302466.286285 4123729.96002
302466.082235 4123729.58735
302465.906366 4123729.28063
302465.702316 4123728.90796
302465.498788 4123728.55748
302465.33179 4123728.25055
302465.128262 4123727.90006
302464.942477 4123727.54917
302464.77574 4123727.25333
302464.563341 4123726.90306
302464.350419 4123726.5306
302464.156285 4123726.2021
302463.925098 4123725.80786
302463.685039 4123725.41383
302463.481772 4123725.07445
302463.259718 4123724.6911
302463.029053 4123724.31905
302462.844051 4123724.00144
302462.63139 4123723.64007
302462.428123 4123723.30069
302462.261908 4123723.02705
302462.076645 4123722.69834
302461.883033 4123722.39204
302461.725951 4123722.12928
302461.549821 4123721.81146
302461.346814 4123721.48317
302461.162335 4123721.18776
302460.967939 4123720.84816
302460.755278 4123720.4868
302460.570798 4123720.19138
302460.367531 4123719.85199
302460.155131 4123719.50172
302459.97039 4123719.19521
302459.767123 4123718.85582
302459.563594 4123718.50534
302459.369721 4123718.18794
302459.15706 4123717.82658
302458.935266 4123717.45432
302458.759396 4123717.1476
302458.52847 4123716.76446
302458.31607 4123716.41419
302458.131068 4123716.09658
302457.918668 4123715.7463
302457.723749 4123715.38452
302457.548141 4123715.08889
302457.344612 4123714.73841
302457.150477 4123714.40992
302456.97513 4123714.12539
302456.798477 4123713.78538
302456.613474 4123713.46777
302456.437605 4123713.16104
302456.19859 4123712.8114
302455.967663 4123712.42826
302455.764396 4123712.08887
302455.542341 4123711.70552
302455.328374 4123711.28867
302455.142849 4123710.94887
302454.929143 4123710.54312
302454.706827 4123710.14867
302454.521302 4123709.80887
302454.290636 4123709.43683
302454.077453 4123709.05327
302453.883579 4123708.73587
302453.687877 4123708.34079
302453.475476 4123707.99052
302453.290213 4123707.66182
302453.086161 4123707.28914
302452.882632 4123706.93866
302452.724505 4123706.63152
302452.503494 4123706.29256
302452.300749 4123705.97537
302452.11653 4123705.69104
302451.90439 4123705.35187
302451.701122 4123705.01249
302451.508031 4123704.72837
302451.260928 4123704.41222
302451.040962 4123704.11764
302450.901361 4123703.84337
302450.680872 4123703.5266
302450.49587 4123703.20899
302450.338265 4123702.92404
302450.161611 4123702.58403
302449.949994 4123702.26705
302449.774646 4123701.98252
302449.589643 4123701.66491
302449.386897 4123701.34772
302449.229553 4123701.07387
302449.03594 4123700.76756
302448.860592 4123700.48303
302448.713164 4123700.25335
302448.556343 4123700.00169
302448.399782 4123699.76113
