302456.471536 4123699.13819
302456.480146 4123699.12688
302456.480407 4123699.13798
302456.480669 4123699.14908
302456.489801 4123699.15996
302456.499195 4123699.18195
302456.51746 4123699.20372
302456.535987 4123699.23659
302456.563646 4123699.28035
302456.600698 4123699.34609
302456.637751 4123699.41183
302456.701941 4123699.49914
302456.76613 4123699.58645
302456.830581 4123699.68485
302456.904164 4123699.79414
302456.969137 4123699.91473
302457.060985 4123700.0458
302457.188842 4123700.19822
302457.335225 4123700.38351
302457.454471 4123700.54724
302457.592766 4123700.76603
302457.748804 4123700.9844
302457.869356 4123701.20361
302458.04392 4123701.45485
302458.227879 4123701.72807
302458.402182 4123701.96822
302458.595272 4123702.25233
302458.814977 4123702.53582
302459.024766 4123702.77513
302459.235861 4123703.06992
302459.447739 4123703.398
302459.631436 4123703.66013
302459.861579 4123704.00998
302460.100333 4123704.34853
302460.276203 4123704.65526
302460.498519 4123705.0497
302460.755276 4123705.39893
302460.931146 4123705.70565
302461.151373 4123706.01133
302461.327765 4123706.34025
302461.44049 4123706.60405
302461.624187 4123706.86618
302461.781008 4123707.11784
302461.909387 4123707.29245
302462.038549 4123707.50035
302462.175799 4123707.67476
302462.233467 4123707.86214
302462.317488 4123708.03779
302462.382722 4123708.16948
302462.448217 4123708.31227
302462.566941 4123708.45381
302462.659311 4123708.60706
302462.733939 4123708.76074
302462.800739 4123708.959
302462.903026 4123709.15644
302462.988353 4123709.38757
302463.100033 4123709.60699
302463.204147 4123709.88209
302463.289213 4123710.10214
302463.383934 4123710.35526
302463.487787 4123710.61927
302463.652696 4123710.83743
302463.801429 4123711.12259
302463.932157 4123711.39706
302464.062103 4123711.63825
302464.184482 4123711.93513
302464.333476 4123712.23139
302464.454811 4123712.48388
302464.621548 4123712.77972
302464.761931 4123713.08727
302464.936234 4123713.32742
302465.067485 4123713.62409
302465.235005 4123713.95321
302465.365995 4123714.23879
302465.52386 4123714.53483
302465.709123 4123714.86354
302465.848984 4123715.1489
302466.052513 4123715.49938
302466.220294 4123715.8396
302466.360416 4123716.13606
302466.54594 4123716.47587
302466.731987 4123716.83786
302466.87237 4123717.14542
302467.049545 4123717.50762
302467.244201 4123717.85831
302467.401806 4123718.14326
302467.587852 4123718.50525
302467.773115 4123718.83396
302467.921586 4123719.10802
302468.097455 4123719.41474
302468.273325 4123719.72146
302468.412402 4123719.97354
302468.553047 4123720.29219
302468.710912 4123720.58824
302468.832508 4123720.85183
302469.025336 4123721.12485
302469.17433 4123721.4211
302469.313408 4123721.67318
302469.487971 4123721.92442
302469.627571 4123722.19869
302469.757516 4123722.43988
302469.923208 4123722.69133
302470.071418 4123722.95429
302470.18362 4123723.1959
302470.331308 4123723.43667
302470.462037 4123723.71115
302470.582327 4123723.91926
302470.721666 4123724.18244
302470.861004 4123724.44561
302470.991733 4123724.72009
302471.113328 4123724.98368
302471.271193 4123725.27972
302471.437668 4123725.56446
302471.585879 4123725.82743
302471.762009 4123726.14525
302471.939183 4123726.50745
302472.096787 4123726.7924
302472.273961 4123727.1546
302472.468879 4123727.51639
302472.644225 4123727.80092
302472.785914 4123728.16395
302472.980309 4123728.50355
302473.120431 4123728.80001
302473.262119 4123729.16305
302473.438249 4123729.48086
302473.578371 4123729.77733
302473.755023 4123730.11734
302473.905844 4123730.49126
302474.063448 4123730.77621
302474.275063 4123731.09319
302474.46137 4123731.46628
302474.593404 4123731.79624
302474.761446 4123732.14756
302474.982977 4123732.50872
302475.132492 4123732.82716
302475.32741 4123733.18895
302475.513716 4123733.56204
302475.689324 4123733.85766
302475.893112 4123734.21924
302476.088552 4123734.60322
302476.237806 4123734.91057
302476.476558 4123735.24912
302476.653732 4123735.61132
302476.811858 4123735.91846
302477.015385 4123736.26894
302477.19282 4123736.64224
302477.342074 4123736.94959
302477.545863 4123737.31117
302477.740519 4123737.66185
302477.907516 4123737.96879
302478.102172 4123738.31948
302478.261603 4123738.6821
302478.436949 4123738.96663
302478.649609 4123739.32799
302478.853397 4123739.68957
302479.06449 4123739.98436
302479.27715 4123740.34573
302479.516424 4123740.70647
302479.701164 4123741.01299
302479.914084 4123741.38545
302480.136138 4123741.7688
302480.312006 4123742.07552
302480.524927 4123742.44799
302480.75559 4123742.82003
302480.913977 4123743.13827
302481.118548 4123743.53314
302481.349212 4123743.90518
302481.534213 4123744.22279
302481.738001 4123744.58437
302481.950921 4123744.95683
302482.127312 4123745.28575
302482.357975 4123745.65779
302482.579767 4123746.03005
302482.773639 4123746.34745
302482.968556 4123746.70924
302483.154862 4123747.08233
302483.33073 4123747.38905
302483.543128 4123747.73932
302483.729173 4123748.10132
302483.905042 4123748.40804
302484.082215 4123748.77024
302484.277393 4123749.14312
302484.453261 4123749.44985
302484.683402 4123749.7997
302484.878579 4123750.17258
302485.054447 4123750.47931
302485.267629 4123750.86287
302485.480549 4123751.23533
302485.656678 4123751.55315
302485.843245 4123751.93734
302486.065298 4123752.32069
302486.259431 4123752.64918
302486.472873 4123753.04384
302486.668573 4123753.43891
302486.863228 4123753.7896
302487.076931 4123754.19536
302487.308639 4123754.61179
302487.512426 4123754.97336
302487.770487 4123755.37807
302488.001933 4123755.78341
302488.196849 4123756.14519
302488.410813 4123756.56204
302488.641476 4123756.93409
302488.83587 4123757.27368
302489.039919 4123757.64635
302489.261971 4123758.02971
302489.438361 4123758.35862
302489.668763 4123758.71957
302489.881683 4123759.09204
302490.112346 4123759.46408
302490.306217 4123759.78148
302490.510266 4123760.15416
302490.705443 4123760.52704
302490.881571 4123760.84486
302491.059528 4123761.24035
302491.263576 4123761.61302
302491.448576 4123761.93063
302491.643753 4123762.30351
302491.865805 4123762.68686
302492.050544 4123762.99338
302492.254593 4123763.36605
302492.494649 4123763.76008
302492.706524 4123764.08816
302492.920227 4123764.49391
302493.160283 4123764.88794
302493.337195 4123765.23905
302493.568379 4123765.63329
302493.782082 4123766.03904
302493.976476 4123766.37864
302494.20766 4123766.77288
302494.456849 4123767.17779
302494.64211 4123767.5065
302494.855551 4123767.90116
302495.077865 4123768.2956
302495.272258 4123768.6352
302495.49431 4123769.01855
302495.716623 4123769.413
302495.919888 4123769.75238
302496.13359 4123770.15813
302496.355381 4123770.53039
302496.549774 4123770.86998
302496.772348 4123771.27553
302496.985529 4123771.65909
302497.162179 4123771.9991
302497.357356 4123772.37198
302497.588279 4123772.75512
302497.764407 4123773.07294
302497.976804 4123773.42321
302498.198334 4123773.78437
302498.374723 4123774.11329
302498.57851 4123774.47487
302498.790907 4123774.82514
302498.976167 4123775.15385
302499.180215 4123775.52652
302499.392612 4123775.87679
302499.559608 4123776.18372
302499.772005 4123776.534
302499.97553 4123776.88448
302500.142265 4123777.18031
302500.34579 4123777.53079
302500.531312 4123777.8706
302500.71605 4123778.17711
302500.883829 4123778.51733
302501.060479 4123778.85734
302501.218342 4123779.15339
302501.395253 4123779.50449
302501.553899 4123779.83383
302501.693758 4123780.11919
302501.8965 4123780.43638
302502.019661 4123780.76655
302502.115163 4123781.05296
302502.255283 4123781.34942
302502.34348 4123781.70262
302502.43011 4123781.98924
302502.562142 4123782.3192
302502.667821 4123782.66088
302502.763323 4123782.94729
302502.886744 4123783.28855
302502.992423 4123783.63023
302503.096796 4123783.91643
302503.220479 4123784.26879
302503.3439 4123784.61006
302503.431053 4123784.91887
302503.537515 4123785.29384
302503.652587 4123785.6575
302503.731129 4123785.97762
302503.811499 4123786.3754
302503.908567 4123786.72839
302503.987371 4123787.0596
302504.041126 4123787.45801
302504.103492 4123787.84512
302504.138199 4123788.18847
302504.14812 4123788.61012
302504.14943 4123789.04308
302504.140564 4123789.42076
302504.124653 4123789.87632
302504.073257 4123790.33272
302504.011423 4123790.72275
302503.92402 4123791.15779
302503.818873 4123791.59325
302503.703289 4123791.96235
302503.580661 4123792.40932
302503.422025 4123792.83493
302503.270955 4123793.20486
302503.077094 4123793.64241
302502.856358 4123794.06948
302502.651277 4123794.40737
302502.385401 4123794.8022
302502.110393 4123795.18615
302501.808509 4123795.55962
302501.540545 4123795.86569
302501.19326 4123796.19582
302500.845453 4123796.50376
302500.54122 4123796.77737
302500.193674 4123797.09641
302499.827603 4123797.38258
302499.504844 4123797.62332
302499.120246 4123797.87662
302498.734865 4123798.09663
302498.411062 4123798.29298
302498.042901 4123798.49038
302497.675002 4123798.69888
302497.368158 4123798.86153
302497.00887 4123799.05872
302496.667585 4123799.26659
302496.369612 4123799.42903
302496.019195 4123799.62601
302495.677388 4123799.81169
302495.370544 4123799.97434
302495.020127 4123800.17132
302494.66136 4123800.3907
302494.337296 4123800.57596
302493.960526 4123800.78467
302493.575145 4123801.00468
302493.233599 4123801.20145
302492.830215 4123801.41078
302492.417698 4123801.60922
302492.076152 4123801.806
302491.682161 4123802.03731
302491.261034 4123802.24706
302490.919488 4123802.44383
302490.516365 4123802.66426
302490.10437 4123802.8849
302489.753692 4123803.07078
302489.35083 4123803.30231
302488.938835 4123803.52294
302488.579547 4123803.72013
302488.176684 4123803.95165
302487.76469 4123804.17229
302487.414012 4123804.35818
302487.010889 4123804.5786
302486.598894 4123804.79924
302486.265959 4123804.98471
302485.862575 4123805.19404
302485.458929 4123805.39227
302485.116862 4123805.56686
302484.73122 4123805.77577
302484.353928 4123805.96228
302484.029081 4123806.11425
302483.66066 4123806.30056
302483.283629 4123806.49817
302482.967915 4123806.66103
302482.581751 4123806.84775
302482.213592 4123807.04515
302481.897616 4123807.19691
302481.528935 4123807.37212
302481.160253 4123807.54733
302480.844538 4123807.71019
302480.475857 4123807.8854
302480.107175 4123808.06061
302479.800593 4123808.23435
302479.422779 4123808.39867
302479.054097 4123808.57388
302478.746993 4123808.72544
302478.396316 4123808.91132
302478.036505 4123809.08632
302477.729662 4123809.24897
302477.378985 4123809.43486
302477.001954 4123809.63247
302476.695372 4123809.80622
302476.318864 4123810.02602
302475.942094 4123810.23472
302475.626641 4123810.40868
302475.250655 4123810.65067
302474.874669 4123810.89267
302474.550605 4123811.07793
302474.165487 4123811.30903
302473.7895 4123811.55103
302473.465698 4123811.74738
302473.098322 4123811.97807
302472.74034 4123812.23074
302472.434542 4123812.43778
302472.067688 4123812.69066
302471.709967 4123812.95443
302471.413563 4123813.18345
302471.082978 4123813.46878
302470.761265 4123813.75391
302470.473993 4123813.99381
302470.152541 4123814.29003
302469.840221 4123814.59714
302469.562604 4123814.87013
302469.251068 4123815.21052
302468.966407 4123815.56139
302468.734191 4123815.87772
302468.467795 4123816.25036
302468.219403 4123816.63368
302468.032589 4123816.99334
302467.820727 4123817.42021
302467.644873 4123817.86844
302467.487022 4123818.32734
302467.363613 4123818.74103
302467.251164 4123819.24327
302467.165852 4123819.76708
302467.114197 4123820.21238
302467.07298 4123820.72405
302467.058117 4123821.224
302467.068561 4123821.66784
302467.088922 4123822.15586
302467.117893 4123822.63257
302467.171911 4123823.04208
302467.236368 4123823.51796
302467.309695 4123823.99363
302467.381195 4123824.39162
302467.471744 4123824.84468
302467.588645 4123825.28602
302467.677626 4123825.6725
302467.81227 4123826.11342
302467.964396 4123826.54282
302468.096951 4123826.89497
302468.249076 4123827.32438
302468.409812 4123827.74248
302468.533757 4123828.10594
302468.685621 4123828.52424
302468.837224 4123828.93146
302468.97865 4123829.2834
302469.156607 4123829.67889
302469.342912 4123830.05198
302469.501559 4123830.38131
302469.697257 4123830.77639
302469.901305 4123831.14906
302470.077434 4123831.46688
302470.299224 4123831.83913
302470.512405 4123832.22269
302470.706275 4123832.54009
302470.928066 4123832.91235
302471.158728 4123833.28439
302471.343728 4123833.602
302471.574389 4123833.97405
302471.805051 4123834.3461
302471.998922 4123834.6635
302472.220713 4123835.03575
302472.433893 4123835.41931
302472.618892 4123835.73692
302472.82294 4123836.10959
302472.991502 4123836.4831
302473.176763 4123836.81181
302473.389682 4123837.18427
302473.611733 4123837.56762
302473.788383 4123837.90763
302474.028178 4123838.29057
302474.25049 4123838.68501
302474.453754 4123839.0244
302474.685199 4123839.42973
302474.925254 4123839.82376
302475.119386 4123840.15226
302475.368313 4123840.54608
302475.590886 4123840.95162
302475.776408 4123841.29143
302476.007591 4123841.68566
302476.247646 4123842.07969
302476.450388 4123842.39689
302476.690965 4123842.81311
302476.931282 4123843.21823
302477.143417 4123843.55741
302477.384255 4123843.98473
302477.606829 4123844.39027
302477.819225 4123844.74054
302478.05067 4123845.14588
302478.272721 4123845.52923
302478.458503 4123845.88013
302478.689425 4123846.26327
302478.920609 4123846.65751
302479.10613 4123846.99731
302479.327398 4123847.34737
302479.494915 4123847.67649
302479.661388 4123847.96123
302479.881611 4123848.26691
302480.048345 4123848.56275
302480.205163 4123848.81441
302480.399034 4123849.13181
302480.584816 4123849.48271
302480.778686 4123849.80011
302481.000998 4123850.19456
302481.249924 4123850.58838
302481.462059 4123850.92755
302481.711246 4123851.33247
302482.00479 4123851.73634
302482.25241 4123852.07468
302482.546215 4123852.48965
302482.866633 4123852.904
302483.140868 4123853.24171
302483.531474 4123853.6211
302483.911903 4123853.94521
302484.272762 4123854.19207
302484.660496 4123854.4494
302485.100674 4123854.67219
302485.486319 4123854.84075
302485.943457 4123855.02983
302486.400595 4123855.21891
302486.856688 4123855.36361
302487.249638 4123855.46539
302487.722691 4123855.57638
302488.195221 4123855.66518
302488.604869 4123855.72215
302489.06644 4123855.72239
302489.500613 4123855.68997
302489.863032 4123855.62593
302490.286768 4123855.52715
302490.683106 4123855.3957
302490.999602 4123855.26613
302491.350017 4123855.06914
302491.700693 4123854.88326
302491.997879 4123854.68753
302492.33864 4123854.45746
302492.697404 4123854.23808
302492.994591 4123854.04235
302493.361965 4123853.81166
302493.711597 4123853.58139
302494.026265 4123853.37415
302494.40225 4123853.13216
302494.777974 4123852.87907
302495.145609 4123852.65948
302495.556557 4123852.39446
302495.949762 4123852.12986
302496.334879 4123851.89875
302496.754699 4123851.63352
302497.174779 4123851.37939
302497.524933 4123851.17131
302497.909789 4123850.92911
302498.268032 4123850.68754
302498.591833 4123850.49118
302498.941465 4123850.26091
302499.274137 4123850.06434
302499.580718 4123849.8906
302499.912869 4123849.67184
302500.23667 4123849.47549
302500.525508 4123849.30216
302500.848787 4123849.08361
302501.208596 4123848.90861
302501.506044 4123848.72398
302501.856198 4123848.5159
302502.224618 4123848.3296
302502.531198 4123848.15585
302502.872742 4123847.95908
302503.214287 4123847.7623
302503.494253 4123847.58918
302503.836059 4123847.40351
302504.204739 4123847.2283
302504.484706 4123847.05518
302504.835643 4123846.88039
302505.168316 4123846.68383
302505.466287 4123846.52138
302505.79896 4123846.32482
302506.140504 4123846.12805
302506.447607 4123845.97649
302506.798284 4123845.79061
302507.14896 4123845.60472
302507.43806 4123845.44249
302507.74438 4123845.25765
302508.077314 4123845.07218
302508.357281 4123844.89906
302508.707958 4123844.71317
302509.058373 4123844.51619
302509.374087 4123844.35333
302509.742245 4123844.15593
302510.110404 4123843.95854
302510.426117 4123843.79568
302510.803408 4123843.60917
302511.171566 4123843.41177
302511.513894 4123843.24828
302511.900056 4123843.06156
302512.231685 4123842.82061
302512.537744 4123842.62468
302512.95026 4123842.42623
302513.34451 4123842.20602
302513.677444 4123842.02055
302514.116574 4123841.82148
302514.510302 4123841.57907
302514.851847 4123841.3823
302515.272972 4123841.17255
302515.702447 4123840.9404
302516.061474 4123840.73212
302516.481816 4123840.48908
302516.884938 4123840.26866
302517.262751 4123840.10434
302517.656741 4123839.87302
302518.077606 4123839.65218
302518.437154 4123839.46609
302518.849148 4123839.24545
302519.270274 4123839.03571
302519.611819 4123838.83893
302520.032683 4123838.61809
302520.445199 4123838.41965
302520.804748 4123838.23355
302521.235006 4123838.03469
302521.674397 4123837.84672
302522.052732 4123837.7046
302522.492384 4123837.52772
302522.942474 4123837.41721
302523.285846 4123837.29811
302523.718454 4123837.19912
302524.106444 4123837.09007
302524.424246 4123837.01598
302524.785884 4123836.91865
302525.157175 4123836.85441
302525.528728 4123836.80126
302525.848097 4123836.79374
302526.220954 4123836.79607
302526.585463 4123836.82081
302526.914747 4123836.85747
302527.298565 4123836.94836
302527.638548 4123837.06248
302527.943567 4123837.19964
302528.249892 4123837.39227
302528.609445 4123837.58365
302528.915769 4123837.77628
302529.285238 4123838.01184
302529.620004 4123838.28152
302529.901019 4123838.53026
302530.245179 4123838.82192
302530.519934 4123839.18183
302530.793122 4123839.47516
302531.076748 4123839.83486
302531.334804 4123840.23957
302531.556331 4123840.60073
302531.83213 4123841.00502
302532.117322 4123841.4313
302532.330238 4123841.80376
302532.61543 4123842.23004
302532.9001 4123842.63412
302533.148241 4123842.99465
302533.43265 4123843.38764
302533.691489 4123843.82564
302533.904405 4123844.19811
302534.136891 4123844.64783
302534.395469 4123845.07473
302534.625866 4123845.43568
302534.875312 4123845.85169
302535.133629 4123846.2675
302535.354894 4123846.61756
302535.630954 4123847.03295
302535.898142 4123847.44855
302536.136888 4123847.7871
302536.395205 4123848.20291
302536.662654 4123848.6296
302536.892791 4123848.97946
302537.16885 4123849.39484
302537.392203 4123849.83368
302537.613468 4123850.18374
302537.879873 4123850.56605
302538.137929 4123850.97076
302538.376675 4123851.30931
302538.616466 4123851.69225
302538.865128 4123852.07497
302539.120834 4123852.37982
302539.378368 4123852.76234
302539.626508 4123853.12287
302539.846467 4123853.41746
302540.077387 4123853.8006
302540.334398 4123854.16093
302540.528527 4123854.48942
302540.759185 4123854.86147
302540.998976 4123855.24441
302541.183972 4123855.56202
302541.423762 4123855.94495
302541.654421 4123856.317
302541.857421 4123856.64529
302542.070597 4123857.02885
302542.283512 4123857.40132
302542.504516 4123857.74029
302542.717954 4123858.13495
302542.975226 4123858.50637
302543.204839 4123858.83403
302543.409406 4123859.2289
302543.605622 4123859.64616
302543.817493 4123859.97425
302544.02232 4123860.38021
302544.288986 4123860.77361
302544.509989 4123861.11258
302544.767783 4123861.5062
302544.972871 4123861.92325
302545.167522 4123862.27395
302545.399223 4123862.69038
302545.647102 4123863.03982
302545.849841 4123863.35701
302546.116245 4123863.73932
302546.364906 4123864.12205
302546.595042 4123864.4719
302546.852835 4123864.86552
302547.093409 4123865.28174
302547.30554 4123865.62092
302547.536981 4123866.02625
302547.777032 4123866.42029
302547.962811 4123866.77118
302548.167377 4123867.16605
302548.40795 4123867.58227
302548.611471 4123867.93276
302548.852044 4123868.34898
302549.101488 4123868.765
302549.331624 4123869.11485
302549.580807 4123869.51977
302549.82138 4123869.93599
302550.087783 4123870.3183
302550.273823 4123870.6803
302550.505264 4123871.08564
302550.727572 4123871.48008
302550.921961 4123871.81968
302551.15314 4123872.21392
302551.393191 4123872.60795
302551.570098 4123872.95906
302551.801277 4123873.3533
302552.023846 4123873.75884
302552.227107 4123874.09823
302552.449676 4123874.50378
302552.671984 4123874.89822
302552.857762 4123875.24912
302553.080331 4123875.65467
302553.320642 4123876.0598
302553.523903 4123876.39918
302553.772824 4123876.79301
302554.013136 4123877.19813
302554.2344 4123877.5482
302554.492192 4123877.94181
302554.76825 4123878.3572
302554.998385 4123878.70706
302555.256439 4123879.11177
302555.505883 4123879.52778
302555.736017 4123879.87764
302555.994332 4123880.29345
302556.261257 4123880.69795
302556.438948 4123881.08235
302556.697262 4123881.49815
302556.964709 4123881.92485
302557.159881 4123882.29773
302557.418196 4123882.71354
302557.649375 4123883.10778
302557.870638 4123883.45784
302558.137302 4123883.85125
302558.368481 4123884.24549
302558.57174 4123884.58487
302558.837882 4123884.95609
302559.078193 4123885.36121
302559.281453 4123885.7006
302559.521503 4123886.09463
302559.74381 4123886.48908
302559.94707 4123886.82847
302560.177987 4123887.21161
302560.409166 4123887.60585
302560.603554 4123887.94545
302560.843082 4123888.31729
302561.06565 4123888.72283
302561.259778 4123889.05133
302561.482085 4123889.44578
302561.731528 4123889.8618
302561.925655 4123890.1903
302562.166749 4123890.62871
302562.425063 4123891.04452
302562.628844 4123891.4061
302562.869677 4123891.83342
302563.119381 4123892.26053
302563.331772 4123892.6108
302563.608351 4123893.04838
302563.849706 4123893.4979
302564.071752 4123893.88125
302564.33972 4123894.33014
302564.598817 4123894.77923
302564.829473 4123895.15128
302565.09718 4123895.58907
302565.365149 4123896.03795
302565.596066 4123896.4211
302565.881516 4123896.85847
302566.123131 4123897.31908
302566.353787 4123897.69113
302566.603751 4123898.12934
302566.871459 4123898.56713
302567.084111 4123898.9285
302567.324943 4123899.35582
302567.565514 4123899.77204
302567.778167 4123900.13341
302568.018738 4123900.54964
302568.25957 4123900.97696
302568.463351 4123901.33853
302568.677569 4123901.76648
302568.900398 4123902.18312
302569.086436 4123902.54512
302569.327268 4123902.97244
302569.558968 4123903.38887
302569.762749 4123903.75045
302569.985577 4123904.16709
302570.226409 4123904.59441
302570.43019 4123904.95599
302570.65354 4123905.39482
302570.894633 4123905.83324
302571.098414 4123906.19482
302571.339506 4123906.63323
302571.58086 4123907.08275
302571.802906 4123907.4661
302572.052609 4123907.89321
302572.311444 4123908.33121
302572.524618 4123908.71477
302572.774582 4123909.15298
302573.024546 4123909.59119
302573.229109 4123909.98605
302573.488205 4123910.43515
302573.73843 4123910.88445
302573.951604 4123911.26802
302574.210961 4123911.72821
302574.469796 4123912.16621
302574.674359 4123912.56107
302574.933194 4123912.99907
302575.174287 4123913.43749
302575.3872 4123913.80995
302575.646034 4123914.24795
302575.869645 4123914.69788
302576.073687 4123915.07056
302576.297558 4123915.53158
302576.503427 4123915.98193
302576.689986 4123916.36612
302576.904726 4123916.81626
302577.128597 4123917.27728
302577.324028 4123917.66126
302577.547639 4123918.11119
302577.77986 4123918.54982
302577.940328 4123918.95682
302578.155328 4123919.41806
302578.361718 4123919.8906
302578.5942 4123920.34032
302578.790153 4123920.74649
302579.023156 4123921.2184
302579.247028 4123921.67943
302579.433848 4123922.07471
302579.657459 4123922.52464
302579.872459 4123922.98588
302580.076761 4123923.36965
302580.309243 4123923.81937
302580.51511 4123924.26972
302580.719151 4123924.64239
302580.934151 4123925.10363
302581.166372 4123925.54225
302581.34406 4123925.92665
302581.585413 4123926.37616
302581.817633 4123926.81479
302582.004193 4123927.19898
302582.245284 4123927.63739
302582.468894 4123928.08732
302582.655454 4123928.47151
302582.905678 4123928.92081
302583.129549 4123929.38184
302583.351593 4123929.76519
302583.601817 4123930.2145
302583.842908 4123930.65291
302583.994504 4123931.06013
302584.217592 4123931.48787
302584.423199 4123931.92712
302584.618107 4123932.28891
302584.823192 4123932.70597
302585.063239 4123933.1
302585.266758 4123933.45048
302585.498195 4123933.85582
302585.747114 4123934.24964
302585.985595 4123934.5771
302586.251996 4123934.95941
302586.509525 4123935.34193
302586.721392 4123935.67001
302586.970311 4123936.06383
302587.22784 4123936.44635
302587.448579 4123936.77423
302587.706108 4123937.15675
302587.971986 4123937.51686
302588.210206 4123937.83322
302588.484956 4123938.19313
302588.759966 4123938.56414
302588.989315 4123938.88071
302589.255454 4123939.25192
302589.530725 4123939.63403
302589.768945 4123939.95039
302590.044216 4123940.33249
302590.310616 4123940.7148
302590.540748 4123941.06466
302590.81628 4123941.45785
302591.092073 4123941.86215
302591.331076 4123942.2118
302591.589388 4123942.6276
302591.838828 4123943.04362
302592.060088 4123943.39369
302592.309529 4123943.8097
302592.558969 4123944.22572
302592.78049 4123944.58688
302593.021059 4123945.0031
302593.235536 4123945.44215
302593.430444 4123945.80394
302593.671534 4123946.24235
302593.894882 4123946.68119
302594.108055 4123947.06475
302594.331664 4123947.51468
302594.502306 4123947.97696
302594.671905 4123948.39485
302594.86029 4123948.85671
302595.013712 4123949.3416
302595.138694 4123949.74944
302595.256631 4123950.23516
302595.374568 4123950.72088
302595.464586 4123951.15175
302595.521208 4123951.67222
302595.551476 4123952.20442
302595.546521 4123952.74854
302595.530346 4123953.19301
302595.516519 4123953.73734
302595.467469 4123954.2936
302595.434073 4123954.76068
302595.394155 4123955.32783
302595.345104 4123955.88409
302595.311969 4123956.36226
302595.289794 4123956.92899
302595.258486 4123957.48484
302595.243354 4123957.97369
302595.229528 4123958.51802
302595.233705 4123959.07303
302595.236055 4123959.55037
302595.257713 4123960.09387
302595.297114 4123960.63695
302595.325817 4123961.10256
302595.39992 4123961.61152
302595.483416 4123962.14246
302595.547342 4123962.59615
302595.65693 4123963.10427
302595.775389 4123963.61218
302595.918635 4123964.0418
302596.037354 4123964.56081
302596.182427 4123965.0681
302596.325673 4123965.49771
302596.479616 4123966.00479
302596.606946 4123966.5125
302596.741582 4123966.95342
302596.868912 4123967.46113
302597.013984 4123967.96841
302597.139487 4123968.39845
302597.275427 4123968.89485
302597.393886 4123969.40276
302597.483644 4123969.82253
302597.583838 4123970.30867
302597.66629 4123970.79523
302597.738305 4123971.21542
302597.820757 4123971.70197
302597.876595 4123972.18916
302597.939478 4123972.59846
302598.003926 4123973.07434
302598.068636 4123973.56131
302598.131258 4123973.95952
302598.195706 4123974.43539
302598.259894 4123974.90018
302598.313644 4123975.29859
302598.378093 4123975.77447
302598.442541 4123976.25035
302598.496553 4123976.65986
302598.55213 4123977.13594
302598.599097 4123977.62333
302598.652847 4123978.02175
302598.708425 4123978.49783
302598.755131 4123978.97413
302598.791661 4123979.39515
302598.828974 4123979.84946
302598.875419 4123980.31466
302598.911688 4123980.72459
302598.94013 4123981.17911
302598.986314 4123981.63321
302599.01319 4123982.02116
302599.023628 4123982.465
302599.060158 4123982.88602
302599.06877 4123983.25219
302599.088079 4123983.69582
302599.106867 4123984.11727
302599.11574 4123984.49453
302599.125917 4123984.92728
302599.136356 4123985.37112
302599.145489 4123985.75948
302599.155928 4123986.20332
302599.175237 4123986.64695
302599.184632 4123987.04641
302599.19507 4123987.49025
302599.205508 4123987.93409
302599.223252 4123988.31115
302599.224559 4123988.7441
302599.243607 4123989.17664
302599.251958 4123989.53171
302599.262135 4123989.96446
302599.272313 4123990.39721
302599.281446 4123990.78557
302599.27362 4123991.20763
302599.274927 4123991.64059
302599.283799 4123992.01785
302599.276234 4123992.45102
302599.277541 4123992.88397
302599.286674 4123993.27233
302599.288763 4123993.73857
302599.290592 4123994.19372
302599.308074 4123994.55968
302599.301553 4123995.03723
302599.321385 4123995.50305
302599.347739 4123995.8688
302599.37592 4123996.31223
302599.387141 4123996.78936
302599.396796 4123997.19991
302599.390275 4123997.67746
302599.393147 4123998.17699
302599.394715 4123998.62104
302599.421069 4123998.98679
302599.458121 4123999.43001
302599.469081 4123999.89604
302599.478476 4124000.2955
302599.489697 4124000.77263
302599.500918 4124001.24976
302599.501181 4124001.63833
302599.50327 4124002.10457
302599.59381 4124002.55763
302599.629818 4124002.95646
302599.623036 4124003.42291
302599.616776 4124003.91155
302599.618082 4124004.34451
302599.629564 4124004.83273
302599.650179 4124005.33185
302599.660356 4124005.76459
302599.681492 4124006.2859
302599.711761 4124006.81809
302599.731332 4124007.27282
302599.744119 4124007.81652
302599.818743 4124008.34767
302599.821093 4124008.82501
302599.84249 4124009.35741
302599.864149 4124009.90091
302599.874587 4124010.34475
302599.896245 4124010.88825
302599.925992 4124011.39825
302599.94504 4124011.83079
302599.966177 4124012.35209
302600.005055 4124012.87298
302600.050717 4124013.30489
302600.080203 4124013.80379
302600.10995 4124014.31379
302600.14674 4124014.74591
302600.202579 4124015.2331
302600.223715 4124015.7544
302600.277726 4124016.16391
302600.333825 4124016.66219
302600.398795 4124017.16026
302600.443936 4124017.56998
302600.526648 4124018.06763
302600.591357 4124018.55461
302600.645891 4124018.98631
302600.728864 4124019.49506
302600.811576 4124019.99271
302600.892723 4124020.42379
302600.949083 4124020.93316
302600.99605 4124021.42055
302601.015621 4124021.87528
302601.053455 4124022.35178
302601.100422 4124022.83918
302601.119471 4124023.27171
302601.157566 4124023.75931
302601.213404 4124024.24649
302601.258545 4124024.65621
302601.3136 4124025.11011
302601.360045 4124025.57531
302601.396836 4124026.00743
302601.443541 4124026.48372
302601.49103 4124026.9933
302601.552869 4124027.35822
302601.600097 4124027.85671
302601.647585 4124028.36629
302601.692986 4124028.78711
302601.739953 4124029.2745
302601.77831 4124029.77319
302601.823711 4124030.19401
302601.879549 4124030.68119
302601.926777 4124031.17968
302601.972178 4124031.60049
302602.019405 4124032.09898
302602.101857 4124032.58554
302602.148302 4124033.05074
302602.231014 4124033.54839
302602.323119 4124034.06803
302602.386785 4124034.51062
302602.452016 4124035.01978
302602.508636 4124035.54025
302602.564213 4124036.01634
302602.638315 4124036.5253
302602.748163 4124037.04451
302602.829831 4124037.49778
302602.913066 4124038.01763
302602.98769 4124038.54878
302603.025263 4124039.01418
302603.03805 4124039.55789
302603.095193 4124040.10055
302603.14216 4124040.58794
302603.198258 4124041.08622
302603.228788 4124041.62951
302603.248358 4124042.08424
302603.261145 4124042.62795
302603.282281 4124043.14925
302603.310201 4124043.58158
302603.331337 4124044.10288
302603.352473 4124044.62419
302603.362912 4124045.06803
302603.375699 4124045.61174
302603.361351 4124046.13388
302603.345436 4124046.58944
302603.366573 4124047.11075
302603.370489 4124047.65466
302603.374404 4124048.19857
302603.367362 4124048.65393
302603.353274 4124049.18717
302603.347536 4124049.698
302603.32249 4124050.14268
302603.325884 4124050.6644
302603.319885 4124051.16414
302603.303188 4124051.58641
302603.332412 4124052.07422
302603.317542 4124052.57417
302603.318588 4124052.99603
302603.338941 4124053.48404
302603.359033 4124053.96097
302603.368428 4124054.36042
302603.379127 4124054.81536
302603.381216 4124055.2816
302603.408353 4124055.68064
302603.401571 4124056.14709
302603.421664 4124056.62401
302603.431319 4124057.03457
302603.442802 4124057.52279
302603.436542 4124058.01144
302603.446458 4124058.43309
302603.44933 4124058.93262
302603.44307 4124059.42126
302603.453248 4124059.85401
302603.455859 4124060.34244
302603.45847 4124060.83087
302603.459254 4124061.24164
302603.443601 4124061.7083
302603.427948 4124062.17495
302603.383855 4124062.56457
302603.29619 4124062.98851
302603.182171 4124063.42418
302603.066327 4124063.78217
302602.942133 4124064.16257
302602.800197 4124064.54338
302602.728446 4124064.88923
302602.578161 4124065.29245
302602.436486 4124065.68436
302602.302638 4124066.03167
302602.152353 4124066.43488
302601.993196 4124066.83831
302601.877613 4124067.2074
302601.709585 4124067.61103
302601.559822 4124068.03643
302601.434845 4124068.38354
302601.28456 4124068.78675
302601.143146 4124069.18975
302601.026779 4124069.52556
302600.885365 4124069.92856
302600.74369 4124070.32047
302600.609582 4124070.65669
302600.494259 4124071.03687
302600.361716 4124071.43967
302600.271702 4124071.76375
302600.183254 4124072.15441
302600.112809 4124072.55574
302600.04993 4124072.90139
302600.014969 4124073.30189
302599.980269 4124073.71349
302599.970617 4124074.05788
302599.944788 4124074.46927
302599.91035 4124074.89196
302599.883477 4124075.25896
302599.86678 4124075.68124
302599.752763 4124076.11691
302599.681796 4124076.49605
302599.647618 4124076.92984
302599.613962 4124077.38582
302599.596483 4124077.77481
302599.58944 4124078.23016
302599.582659 4124078.69661
302599.573789 4124079.07429
302599.575357 4124079.51834
302599.559443 4124079.97391
302599.559967 4124080.37357
302599.544314 4124080.84023
302599.528662 4124081.30689
302599.537796 4124081.69525
302599.540146 4124082.17259
302599.525276 4124082.67254
302599.5258 4124083.07221
302599.51093 4124083.57215
302599.513542 4124084.06059
302599.497106 4124084.49396
302599.499718 4124084.98239
302599.50259 4124085.48192
302599.477284 4124085.9155
302599.489027 4124086.41483
302599.483029 4124086.91457
302599.484596 4124087.35862
302599.487208 4124087.84705
302599.47286 4124088.36919
302599.491909 4124088.80173
302599.495042 4124089.31235
302599.524528 4124089.81126
302599.543577 4124090.24379
302599.555581 4124090.75421
302599.549583 4124091.25395
302599.54254 4124091.70931
302599.536803 4124092.22014
302599.522455 4124092.74228
302599.507585 4124093.24223
302599.508892 4124093.67518
302599.512025 4124094.18581
302599.505766 4124094.67445
302599.498462 4124095.11871
302599.483332 4124095.60756
302599.477594 4124096.1184
302599.469769 4124096.54046
302599.436896 4124097.02973
302599.430376 4124097.50728
302599.422289 4124097.91825
302599.42464 4124098.39559
302599.417597 4124098.85094
302599.418382 4124099.26171
302599.420733 4124099.73904
302599.448914 4124100.18247
302599.440045 4124100.56015
302599.406911 4124101.03832
302599.40039 4124101.51587
302599.392043 4124101.91575
302599.37613 4124102.37131
302599.360216 4124102.82687
302599.361001 4124103.23764
302599.354741 4124103.72628
302599.349526 4124104.25931
302599.350572 4124104.68116
302599.345095 4124105.20309
302599.348751 4124105.73591
302599.332054 4124106.15819
302599.34432 4124106.6797
302599.338582 4124107.19054
302599.34015 4124107.63459
302599.352155 4124108.14501
302599.355288 4124108.65563
302599.356595 4124109.08859
302599.333115 4124109.59984
302599.327639 4124110.12177
302599.320074 4124110.55493
302599.314598 4124111.07686
302599.291379 4124111.59921
302599.275205 4124112.04368
302599.252247 4124112.57712
302599.211548 4124113.11099
302599.177892 4124113.56697
302599.11945 4124114.10125
302599.07875 4124114.63511
302599.009611 4124115.09192
302598.95143 4124115.6373
302598.866375 4124116.1722
302598.796974 4124116.61792
302598.694177 4124117.15324
302598.591119 4124117.67747
302598.477363 4124118.12423
302598.347431 4124118.63799
302598.208367 4124119.14086
302598.085479 4124119.57673
302597.955286 4124120.07939
302597.807612 4124120.59357
302597.666721 4124121.01876
302597.500783 4124121.51116
302597.344238 4124122.02554
302597.203347 4124122.45074
302597.001403 4124122.92178
302596.808591 4124123.40371
302596.622823 4124123.80776
302596.394265 4124124.27942
302596.155793 4124124.70692
302595.9515 4124125.07809
302595.66789 4124125.47334
302595.366276 4124125.85791
302595.116845 4124126.19684
302594.8061 4124126.57052
302594.495355 4124126.9442
302594.209657 4124127.25068
302593.844902 4124127.59232
302593.471016 4124127.92308
302593.158444 4124128.21909
302592.767337 4124128.57245
302592.375448 4124128.89253
302592.017999 4124129.16739
302591.58071 4124129.44413
302591.116287 4124129.6993
302590.712395 4124129.88644
302590.265713 4124130.14119
302589.800246 4124130.35198
302589.404703 4124130.51671
302588.929582 4124130.69442
302588.462809 4124130.84973
302588.047697 4124130.9372
302587.553007 4124131.03766
302587.074493 4124131.07112
302586.658076 4124131.10312
302586.171213 4124131.15898
302585.691655 4124131.14805
302585.274455 4124131.14676
302584.786809 4124131.16933
302584.324993 4124131.15799
302583.907271 4124131.13451
302583.43815 4124131.18995
302582.986249 4124131.22279
302582.542175 4124131.21103
302582.1435 4124131.24261
302581.699687 4124131.24195
302581.28327 4124131.27395
302580.893466 4124131.30532
302580.466874 4124131.28205
302580.032715 4124131.31446
302579.669263 4124131.33411
302579.22545 4124131.33345
302578.791552 4124131.37696
302578.419491 4124131.40792
302577.993942 4124131.42903
302577.568654 4124131.46124
302577.196592 4124131.4922
302576.762955 4124131.5468
302576.329579 4124131.61251
302575.984653 4124131.66503
302575.541101 4124131.67546
302575.080329 4124131.70851
302574.681393 4124131.72899
302574.211228 4124131.74005
302573.749151 4124131.71762
302573.366652 4124131.6822
302572.948147 4124131.62544
302572.546079 4124131.51277
302572.216285 4124131.45391
302571.82361 4124131.36323
302571.439806 4124131.27234
302571.135842 4124131.17957
302570.760648 4124131.07737
302570.41259 4124130.99674
302570.137065 4124130.98102
302569.825274 4124130.93284
302569.476432 4124130.81893
302569.172207 4124130.71506
302568.831975 4124130.58984
302568.445822 4124130.39908
302568.105329 4124130.26276
302567.701695 4124130.08352
302567.280841 4124129.92689
302566.921301 4124129.73551
302566.499925 4124129.55668
302566.087681 4124129.38874
302565.720575 4124129.25305
302565.291111 4124129.10772
302564.844687 4124128.9961
302564.478886 4124128.91589
302564.033507 4124128.84865
302563.580301 4124128.826
302563.189975 4124128.83518
302562.728942 4124128.85713
302562.249645 4124128.8573
302561.832967 4124128.87821
302561.34532 4124128.90078
302560.839932 4124128.92377
302560.40499 4124128.9229
302559.89934 4124128.9348
302559.38482 4124128.9469
302558.941007 4124128.94624
302558.417093 4124128.93636
302557.902312 4124128.93737
302557.449627 4124128.93691
302556.951283 4124128.88202
302556.43624 4124128.87194
302555.974424 4124128.8606
302555.4419 4124128.86202
302554.909638 4124128.87454
302554.448083 4124128.8743
302553.915559 4124128.87572
302553.391645 4124128.86584
302552.921741 4124128.888
302552.388957 4124128.87833
302551.856433 4124128.87975
302551.412881 4124128.89019
302550.898099 4124128.8912
302550.391928 4124128.8809
302549.947853 4124128.86914
302549.433072 4124128.87015
302548.909419 4124128.87137
302548.474216 4124128.8594
302547.968567 4124128.8713
302547.444131 4124128.83923
302547.009189 4124128.83836
302546.494146 4124128.82827
302545.988236 4124128.82907
302545.544161 4124128.81731
302545.011116 4124128.79655
302544.496334 4124128.79755
302544.034779 4124128.79731
302543.502777 4124128.82093
302542.960861 4124128.80037
302542.498522 4124128.76684
302541.974347 4124128.74586
302541.441041 4124128.714
302540.978702 4124128.68047
302540.444873 4124128.62642
302539.90139 4124128.53928
302539.429658 4124128.48377
302538.877304 4124128.39684
302538.322601 4124128.21005
302537.795293 4124128.05593
302537.357218 4124127.92191
302536.85548 4124127.72277
302536.354002 4124127.53473
302535.977241 4124127.36596
302535.527946 4124127.13228
302535.085172 4124126.79853
302534.724326 4124126.55167
302534.373917 4124126.37118
302534.037073 4124126.01273
302533.762066 4124125.64172
302533.503234 4124125.20373
302533.261623 4124124.74312
302533.074543 4124124.33674
302532.876503 4124123.8418
302532.731428 4124123.33451
302532.614272 4124122.88208
302532.522685 4124122.38464
302532.395092 4124121.86584
302532.286546 4124121.4021
302532.124251 4124120.91742
302532.040491 4124120.37538
302531.967951 4124119.933
302531.884191 4124119.39097
302531.791559 4124118.84914
302531.736501 4124118.39525
302531.65274 4124117.85321
302531.595332 4124117.29945
302531.594022 4124116.8665
302531.536874 4124116.32383
302531.50634 4124115.78055
302531.486766 4124115.32582
302531.500848 4124114.79258
302531.52354 4124114.24804
302531.521447 4124113.7818
302531.508394 4124113.227
302531.495602 4124112.68329
302531.484376 4124112.20616
302531.489066 4124111.65094
302531.476013 4124111.09614
302531.47418 4124110.64099
302531.461127 4124110.08619
302531.448335 4124109.54248
302531.446503 4124109.08734
302531.442321 4124108.53233
302531.438661 4124107.99951
302531.436829 4124107.54436
302531.414905 4124106.98977
302531.412028 4124106.49024
302531.403152 4124106.11297
302531.390099 4124105.55817
302531.39531 4124105.02514
302531.402349 4124104.56979
302531.398428 4124104.02587
302531.403379 4124103.48175
302531.427898 4124103.01488
302531.450591 4124102.47034
302531.455019 4124101.90402
302531.479278 4124101.42606
302531.510319 4124100.85912
302531.523357 4124100.2815
302531.529613 4124099.79285
302531.542912 4124099.22633
302531.55595 4124098.64871
302531.553596 4124098.17137
302531.557763 4124097.59396
302531.571062 4124097.02744
302531.559576 4124096.53921
302531.564004 4124095.97289
302531.568432 4124095.40658
302531.565816 4124094.91814
302531.570245 4124094.35183
302531.556931 4124093.78593
302531.563447 4124093.30838
302531.568398 4124092.76426
302531.563694 4124092.18706
302531.570471 4124091.72061
302531.565767 4124091.1434
302531.561325 4124090.5773
302531.56758 4124090.08865
302531.563137 4124089.52255
302531.576437 4124088.95602
302531.564428 4124088.44561
302531.568334 4124087.8571
302531.571979 4124087.25749
302531.568581 4124086.73577
302531.571965 4124086.12507
302531.575349 4124085.51437
302531.571167 4124084.95936
302531.574029 4124084.32647
302531.577152 4124083.70467
302531.582624 4124083.18274
302531.58653 4124082.59424
302531.581565 4124082.00594
302531.587299 4124081.4951
302531.591727 4124080.92879
302531.586762 4124080.34049
302531.584147 4124079.85205
302531.588836 4124079.29683
302531.593526 4124078.74161
302531.598476 4124078.19749
302531.596122 4124077.72015
302531.601333 4124077.18712
302531.606806 4124076.66519
302531.596625 4124076.23245
302531.602097 4124075.71052
302531.590349 4124075.21119
302531.589039 4124074.77824
302531.586163 4124074.27871
302531.59268 4124073.80116
302531.600763 4124073.39019
302531.597886 4124072.89066
302531.59501 4124072.39113
302531.5937 4124071.95818
302531.599695 4124071.45844
302531.587686 4124070.94802
302531.585854 4124070.49287
302531.582194 4124069.96005
302531.587406 4124069.42703
302531.585835 4124068.98298
302531.591046 4124068.44995
302531.587648 4124067.92823
302531.568073 4124067.4735
302531.573807 4124066.96266
302531.579802 4124066.46292
302531.569359 4124066.01908
302531.566483 4124065.51955
302531.555258 4124065.04242
302531.562819 4124064.60926
302531.55942 4124064.08754
302531.564632 4124063.55451
302531.57141 4124063.08806
302531.58497 4124062.53263
302531.589398 4124061.96631
302531.604525 4124061.47746
302531.618347 4124060.93313
302531.622775 4124060.36681
302531.629292 4124059.88927
302531.643375 4124059.35603
302531.657197 4124058.8117
302531.663975 4124058.34525
302531.678057 4124057.81201
302531.683008 4124057.26789
302531.698918 4124056.81232
302531.70413 4124056.2793
302531.718734 4124055.76825
302531.726034 4124055.32399
302531.722375 4124054.79118
302531.727587 4124054.25815
302531.734626 4124053.80279
302531.739576 4124053.25867
302531.745049 4124052.73674
302531.76122 4124052.29227
302531.784435 4124051.76992
302531.789908 4124051.24799
302531.815211 4124050.81441
302531.838687 4124050.30316
302531.871295 4124049.80279
302531.887989 4124049.38052
302531.920597 4124048.88015
302531.944595 4124048.39109
302531.970421 4124047.9797
302531.985548 4124047.49085
302532.000675 4124047.002
302532.017107 4124046.56863
302532.031712 4124046.05758
302532.046317 4124045.54654
302532.053878 4124045.11338
302532.059351 4124044.59144
302532.065346 4124044.09171
302532.090388 4124043.64703
302532.104732 4124043.12489
302532.12873 4124042.63583
302532.145162 4124042.20246
302532.1689 4124041.7023
302532.184288 4124041.22454
302532.20072 4124040.79117
302532.197844 4124040.29164
302532.2041 4124039.803
302532.211922 4124039.38093
302532.208785 4124038.87031
302532.205909 4124038.37077
302532.195728 4124037.93803
302532.192329 4124037.41631
302532.180321 4124036.90589
302532.169618 4124036.45095
302532.165958 4124035.91813
302532.16256 4124035.39641
302532.151857 4124034.94147
302532.139065 4124034.39777
302532.126535 4124033.86516
302532.115571 4124033.39912
302532.10304 4124032.86651
302532.09912 4124032.3226
302532.106159 4124031.86724
302532.111109 4124031.32312
302532.116321 4124030.79009
302532.132232 4124030.33453
302532.128311 4124029.79061
302532.124652 4124029.2578
302532.129603 4124028.71367
302532.118638 4124028.24764
302532.114979 4124027.71482
302532.11132 4124027.182
302532.109488 4124026.72686
302532.096957 4124026.19425
302532.084688 4124025.67273
302532.082856 4124025.21759
302532.079719 4124024.70696
302532.085192 4124024.18503
302532.101624 4124023.75166
302532.124839 4124023.22931
302532.157448 4124022.72894
302532.182751 4124022.29536
302532.21536 4124021.795
302532.265711 4124021.29421
302532.308496 4124020.84912
302532.367718 4124020.34813
302532.417807 4124019.83625
302532.469724 4124019.40204
302532.537557 4124018.88975
302532.587385 4124018.36677
302532.657045 4124017.93215
302532.724877 4124017.41985
302532.828455 4124016.91782
302532.906985 4124016.48298
302533.019696 4124015.99184
302533.15928 4124015.51116
302533.29156 4124015.09727
302533.449148 4124014.62727
302533.63335 4124014.15664
302533.792504 4124013.75322
302534.00358 4124013.29306
302534.196914 4124012.83333
302534.383204 4124012.45147
302534.621155 4124012.00178
302534.88598 4124011.56257
302535.108016 4124011.19097
302535.408587 4124010.76202
302535.700287 4124010.33327
302535.948937 4124009.96105
302536.249508 4124009.5321
302536.594696 4124009.1132
302536.897356 4124008.77301
302537.260808 4124008.37588
302537.633393 4124007.98964
302537.98067 4124007.65951
302538.372041 4124007.31724
302538.799159 4124006.98523
302539.156873 4124006.72146
302539.593905 4124006.43363
302540.031721 4124006.17908
302540.408483 4124005.97037
302540.855953 4124005.74891
302541.312033 4124005.51613
302541.680446 4124005.32983
302542.146703 4124005.15233
302542.595217 4124004.97525
302542.991287 4124004.8327
302543.458849 4124004.71068
302543.926411 4124004.58866
302544.323265 4124004.4794
302544.791088 4124004.36848
302545.276914 4124004.26823
302545.692032 4124004.18075
302546.18673 4124004.0803
302546.690821 4124004.00182
302547.133335 4124003.94701
302547.628555 4124003.86874
302548.124035 4124003.80158
302548.548547 4124003.73608
302549.035417 4124003.68022
302549.522027 4124003.61326
302549.947321 4124003.58105
302550.434453 4124003.53628
302550.921845 4124003.50261
302551.338791 4124003.49281
302551.835576 4124003.48112
302552.314359 4124003.45875
302552.740436 4124003.45983
302553.22809 4124003.43726
302553.724876 4124003.42557
302554.141821 4124003.41577
302554.638607 4124003.40408
302555.126522 4124003.3926
302555.552599 4124003.39368
302556.040514 4124003.3822
302556.528428 4124003.37073
302556.945113 4124003.34982
302557.433288 4124003.34944
302557.930074 4124003.33775
302558.347019 4124003.32795
302558.843805 4124003.31626
302559.33172 4124003.30478
302559.748665 4124003.29498
302560.245451 4124003.28329
302560.733105 4124003.26072
302561.14144 4124003.26221
302561.629354 4124003.25074
302562.108659 4124003.25056
302562.50734 4124003.21898
302562.986644 4124003.21881
302563.456816 4124003.20775
302563.86489 4124003.19815
302564.335063 4124003.18709
302564.814106 4124003.17582
302565.284279 4124003.16476
302565.692353 4124003.15516
302566.162786 4124003.1552
302566.623826 4124003.13325
302567.023551 4124003.14605
302567.47572 4124003.12432
302567.937543 4124003.13566
302568.319264 4124003.13778
302568.771172 4124003.10495
302569.232996 4124003.11629
302569.650724 4124003.13977
302570.120374 4124003.10652
302570.590285 4124003.08436
302570.99862 4124003.08586
302571.468532 4124003.0637
302571.938704 4124003.05265
302572.356171 4124003.06503
302572.844086 4124003.05355
302573.323651 4124003.06448
302573.723115 4124003.06618
302574.21103 4124003.05471
302574.698683 4124003.03214
302575.125544 4124003.0665
302575.603804 4124003.02195
302576.1092 4124002.99896
302576.535539 4124003.01113
302577.068331 4124003.02081
302577.591991 4124003.01959
302578.053815 4124003.03093
302578.577475 4124003.02972
302579.118356 4124003.0059
302579.588789 4124003.00593
302580.121581 4124003.01561
302580.652547 4124002.94761
302581.113326 4124002.91456
302581.589499 4124002.78124
302582.092285 4124002.64729
302582.488095 4124002.49365
302582.953308 4124002.27177
302583.391648 4124002.03942
302583.795285 4124001.84118
302584.223709 4124001.56466
302584.643001 4124001.27724
302584.982452 4124000.9917
302585.356345 4124000.66094
302585.702579 4124000.28643
302585.961146 4123999.95838
302586.280768 4123999.5845
302586.581864 4123999.17774
302586.83156 4123998.8499
302587.106042 4123998.44377
302587.327037 4123998.02779
302587.514634 4123997.70141
302587.646134 4123997.25423
302587.760153 4123996.81856
302587.841557 4123996.50579
302587.937311 4123996.04835
302587.990015 4123995.64743
302587.998884 4123995.26975
302588.006448 4123994.83658
302587.886423 4123994.26209
302587.850154 4123993.85217
302587.867111 4123993.44099
302587.911465 4123993.06247
302587.885632 4123992.71891
302587.911722 4123992.31862
302587.92868 4123991.90744
302587.955552 4123991.54044
302587.980598 4123991.09576
302587.988423 4123990.67369
302587.98816 4123990.28512
302588.004335 4123989.84066
302588.02077 4123989.40728
302588.003026 4123989.03023
302588.01894 4123988.57466
302588.09643 4123988.09545
302588.095384 4123987.67359
302588.155392 4123987.20589
302588.170784 4123986.72813
302588.187742 4123986.31695
302588.194784 4123985.8616
302588.209915 4123985.37275
302588.21774 4123984.95068
302588.215129 4123984.46224
302588.195296 4123983.99642
302588.185118 4123983.56367
302588.146761 4123983.06498
302588.134756 4123982.55456
302588.115968 4123982.13312
302588.095092 4123981.62291
302588.065345 4123981.11291
302588.046557 4123980.69147
302588.016809 4123980.18147
302587.987323 4123979.68256
302587.950271 4123979.23935
302587.929656 4123978.74024
302587.882427 4123978.24175
302587.854507 4123977.80942
302587.81641 4123977.32182
302587.778314 4123976.83422
302587.740478 4123976.35772
302587.703948 4123975.93669
302587.65698 4123975.4493
302587.609751 4123974.95082
302587.582092 4123974.52958
302587.526253 4123974.0424
302587.479285 4123973.55501
302587.443016 4123973.14508
302587.387177 4123972.6579
302587.331077 4123972.15962
302587.285675 4123971.73881
302587.229575 4123971.24053
302587.14634 4123970.72068
302587.082935 4123970.28919
302586.981696 4123969.75867
302586.871586 4123969.22835
302586.75417 4123968.76482
302586.608575 4123968.23534
302586.46298 4123967.70586
302586.336693 4123967.24254
302586.191359 4123966.72416
302586.036893 4123966.19489
302585.893125 4123965.74308
302585.73892 4123965.2249
302585.584975 4123964.71782
302585.459472 4123964.28779
302585.305527 4123963.78071
302585.151583 4123963.27363
302585.026601 4123962.86579
302584.881789 4123962.3696
302584.728627 4123961.89581
302584.603123 4123961.46577
302584.44944 4123960.96979
302584.296017 4123960.4849
302584.170774 4123960.06597
302584.025962 4123959.56978
302583.872279 4123959.07379
302583.738164 4123958.65506
302583.602484 4123958.16976
302583.449062 4123957.68487
302583.315469 4123957.28834
302583.170657 4123956.79214
302583.017756 4123956.32945
302582.893035 4123955.9327
302582.740134 4123955.47001
302582.587234 4123955.00731
302582.462252 4123954.59947
302582.300741 4123954.14808
302582.147579 4123953.67429
302582.014247 4123953.28885
302581.843082 4123952.80438
302581.681571 4123952.35299
302581.538585 4123951.93447
302581.358549 4123951.45021
302581.178773 4123950.97704
302581.036049 4123950.56962
302580.856273 4123950.09646
302580.684847 4123949.60089
302580.524119 4123949.18279
302580.33495 4123948.68764
302580.146042 4123948.20359
302579.994185 4123947.78528
302579.805016 4123947.29013
302579.615586 4123946.78388
302579.436855 4123946.3551
302579.238553 4123945.84906
302579.039991 4123945.33193
302578.860998 4123944.89206
302578.662958 4123944.39712
302578.455786 4123943.89129
302578.295057 4123943.47319
302578.079014 4123942.96757
302577.880712 4123942.46153
302577.701981 4123942.03275
302577.494808 4123941.52692
302577.279025 4123941.0324
302577.100032 4123940.59252
302576.883988 4123940.08691
302576.667683 4123939.57019
302576.48008 4123939.14162
302576.263775 4123938.6249
302576.03886 4123938.11949
302575.850996 4123937.67983
302575.617209 4123937.17462
302575.401165 4123936.66901
302575.20443 4123936.22955
302574.988646 4123935.73502
302574.781996 4123935.25139
302574.594653 4123934.83391
302574.388002 4123934.35028
302574.17248 4123933.86685
302573.994009 4123933.44917
302573.778226 4123932.95464
302573.562703 4123932.47122
302573.3751 4123932.04264
302573.159577 4123931.55922
302572.934923 4123931.0649
302572.738709 4123930.64764
302572.513793 4123930.14223
302572.280268 4123929.64812
302572.055613 4123929.15381
302571.859399 4123928.73654
302571.625612 4123928.23134
302571.400957 4123927.73703
302571.204743 4123927.31976
302570.971478 4123926.83675
302570.747084 4123926.35353
302570.541738 4123925.92538
302570.308473 4123925.44237
302570.074947 4123924.94826
302569.869601 4123924.52011
302569.636335 4123924.0371
302569.394199 4123923.5543
302569.197724 4123923.12593
302568.964458 4123922.64292
302568.731454 4123922.17101
302568.526369 4123921.75395
302568.293625 4123921.29314
302568.060882 4123920.83232
302567.864929 4123920.42615
302567.632185 4123919.96533
302567.408313 4123919.50431
302567.212621 4123919.10923
302566.980138 4123918.65951
302566.747134 4123918.1876
302566.551441 4123917.79252
302566.318437 4123917.32061
302566.076822 4123916.86
302565.871997 4123916.45404
302565.638993 4123915.98212
302565.397117 4123915.51042
302565.183421 4123915.10467
302564.941284 4123914.62187
302564.699408 4123914.15016
302564.494583 4123913.7442
302564.252707 4123913.27249
302563.992827 4123912.79011
302563.779131 4123912.38436
302563.536994 4123911.90156
302563.285725 4123911.40787
302563.072028 4123911.00212
302562.821542 4123910.54172
302562.579666 4123910.07001
302562.375102 4123909.67515
302562.133486 4123909.21454
302561.892132 4123908.76503
302561.687568 4123908.37016
302561.446214 4123907.92065
302561.204859 4123907.47113
302561.000817 4123907.09846
302560.750331 4123906.63806
302560.508976 4123906.18855
302560.304151 4123905.78259
302560.053925 4123905.33328
302559.803439 4123904.87288
302559.581132 4123904.47843
302559.321513 4123904.00715
302559.070765 4123903.53565
302558.857068 4123903.1299
302558.597449 4123902.65861
302558.337569 4123902.17623
302558.115001 4123901.77068
302557.864253 4123901.29919
302557.604634 4123900.8279
302557.390676 4123900.41105
302557.130795 4123899.92867
302556.871437 4123899.46848
302556.65774 4123899.06272
302556.398121 4123898.59144
302556.129369 4123898.10926
302555.906801 4123897.70372
302555.647182 4123897.23243
302555.396433 4123896.76094
302555.191869 4123896.36607
302554.949992 4123895.89437
302554.699243 4123895.42287
302554.485546 4123895.01712
302554.234798 4123894.54562
302553.983789 4123894.06303
302553.760959 4123893.64639
302553.519082 4123893.17469
302553.277205 4123892.70298
302553.072118 4123892.28592
302552.82998 4123891.80312
302552.588103 4123891.33142
302552.383016 4123890.91436
302552.150271 4123890.45354
302551.925875 4123889.97033
302551.738531 4123889.55285
302551.514135 4123889.06963
302551.298349 4123888.57511
302551.129009 4123888.16832
302550.913223 4123887.67379
302550.706831 4123887.20125
302550.528358 4123886.78357
302550.330837 4123886.31082
302550.123922 4123885.81609
302549.954581 4123885.4093
302549.765932 4123884.93634
302549.550407 4123884.45291
302549.352886 4123883.98017
302549.16528 4123883.55159
302548.958366 4123883.05686
302548.751712 4123882.57323
302548.564368 4123882.15575
302548.348321 4123881.65014
302548.132274 4123881.14452
302547.953017 4123880.69354
302547.719489 4123880.19944
302547.494049 4123879.67184
302547.296527 4123879.19909
302547.071348 4123878.68259
302546.837036 4123878.15519
302546.65778 4123877.70422
302546.405726 4123877.17725
302546.180285 4123876.64964
302545.983286 4123876.19909
302545.740364 4123875.683
302545.514923 4123875.1554
302545.300442 4123874.71636
302545.065869 4123874.17787
302544.814337 4123873.67309
302544.599334 4123873.21185
302544.33893 4123872.70728
302544.060784 4123872.20312
302543.828299 4123871.7534
302543.559023 4123871.24904
302543.29862 4123870.74446
302543.057785 4123870.31714
302542.779639 4123869.81298
302542.501753 4123869.31992
302542.260919 4123868.8926
302541.973901 4123868.38866
302541.687144 4123867.8958
302541.44631 4123867.46848
302541.177295 4123866.97521
302540.899409 4123866.48215
302540.658575 4123866.05483
302540.380689 4123865.56177
302540.102803 4123865.06871
302539.871101 4123864.65228
302539.593476 4123864.17032
302539.324984 4123863.69924
302539.09302 4123863.27171
302538.842531 4123862.81131
302538.592303 4123862.36201
302538.378866 4123861.96735
302538.128377 4123861.50695
302537.877627 4123861.03546
302537.663928 4123860.6297
302537.413178 4123860.15821
302537.153556 4123859.68692
302536.931247 4123859.29247
302536.689108 4123858.80967
302536.420615 4123858.3386
302536.198045 4123857.93305
302535.938423 4123857.46177
302535.660275 4123856.95761
302535.437183 4123856.52987
302535.159297 4123856.03681
302534.88141 4123855.54375
302534.649708 4123855.12732
302534.380693 4123854.63405
302534.102545 4123854.12989
302533.861971 4123853.71367
302533.592956 4123853.2204
302533.315069 4123852.72734
302533.083627 4123852.322
302532.814873 4123851.83983
302532.545858 4123851.34656
302532.305283 4123850.93034
302532.036268 4123850.43707
302531.75812 4123849.93291
302531.508414 4123849.5058
302531.239398 4123849.01253
302530.970121 4123848.50817
302530.738679 4123848.10283
302530.460792 4123847.60977
302530.192038 4123847.1276
302529.960074 4123846.70007
302529.691319 4123846.2179
302529.413432 4123845.72484
302529.1906 4123845.3082
302528.921585 4123844.81493
302528.652569 4123844.32166
302528.429737 4123843.90502
302528.152111 4123843.42305
302527.883356 4123842.94088
302527.651392 4123842.51335
302527.382637 4123842.03118
302527.113882 4123841.549
302526.882439 4123841.14367
302526.613684 4123840.6615
302526.354062 4123840.19021
302526.13123 4123839.77357
302525.871868 4123839.31338
302525.612506 4123838.85319
302525.343751 4123838.37102
302525.130052 4123837.96526
302524.861818 4123837.50528
302524.602196 4123837.034
302524.370492 4123836.61756
302524.110869 4123836.14628
302523.842114 4123835.66411
302523.619282 4123835.24747
302523.350526 4123834.76529
302523.082032 4123834.29422
302522.859722 4123833.89977
302522.600099 4123833.42848
302522.331865 4123832.9685
302522.118426 4123832.57384
302521.859064 4123832.11365
302521.599702 4123831.65346
302521.386002 4123831.24771
302521.11803 4123830.79883
302520.858407 4123830.32754
302520.645228 4123829.94398
302520.377256 4123829.49509
302520.135636 4123829.03449
302519.904716 4123828.65134
302519.653964 4123828.17985
302519.395123 4123827.74185
302519.181945 4123827.35829
302518.913973 4123826.90941
302518.664004 4123826.4712
302518.451348 4123826.10983
302518.201379 4123825.67163
302517.942538 4123825.23363
302517.738753 4123824.87205
302517.479913 4123824.43405
302517.239338 4123824.01783
302517.026681 4123823.65646
302516.785845 4123823.22914
302516.545008 4123822.80182
302516.350094 4123822.44004
302516.109258 4123822.01272
302515.859549 4123821.58561
302515.655503 4123821.21293
302515.423538 4123820.78541
302515.182701 4123820.35809
302514.969784 4123819.98562
302514.729208 4123819.5694
302514.496981 4123819.13078
302514.293196 4123818.7692
302514.061231 4123818.34167
302513.811783 4123817.92566
302513.607998 4123817.56408
302513.358029 4123817.12587
302513.117192 4123816.69856
302512.913146 4123816.32588
302512.672047 4123815.88747
302512.422078 4123815.44926
302512.218032 4123815.07659
302511.977194 4123814.64927
302511.753056 4123814.17715
302511.557098 4123813.77098
302511.315477 4123813.31037
302511.082467 4123812.83846
302510.88677 4123812.44339
302510.645149 4123811.98278
302510.420489 4123811.48847
302510.206788 4123811.08271
302509.964384 4123810.58882
302509.71337 4123810.10623
302509.499147 4123809.67828
302509.257265 4123809.20658
302509.015122 4123808.72378
302508.810292 4123808.31782
302508.568411 4123807.84612
302508.335661 4123807.3853
302508.139964 4123806.99023
302507.907214 4123806.52941
302507.666116 4123806.091
302507.47929 4123805.69572
302507.237669 4123805.23511
302506.996048 4123804.7745
302506.791479 4123804.37964
302506.540987 4123803.91924
302506.290495 4123803.45884
302506.068183 4123803.06439
302505.799948 4123802.60441
302505.531452 4123802.13334
302505.300268 4123801.7391
302505.032294 4123801.29021
302504.76432 4123800.84133
302504.54253 4123800.46907
302504.283689 4123800.03108
302504.033718 4123799.59287
302503.820539 4123799.20931
302503.579701 4123798.78199
302503.347734 4123798.35446
302503.143948 4123797.99289
302502.91172 4123797.55426
302502.670882 4123797.12694
302502.466835 4123796.75427
302502.234869 4123796.32674
302501.994292 4123795.91052
302501.799638 4123795.55983
302501.5588 4123795.13251
302501.326833 4123794.70499
302501.113914 4123794.33252
302500.872815 4123793.89411
302500.623105 4123793.467
302500.372874 4123793.0177
302500.159694 4123792.63414
302499.90059 4123792.18504
302499.650359 4123791.73574
302499.428046 4123791.34129
302499.168682 4123790.8811
302498.891313 4123790.41024
302498.66874 4123790.00469
302498.400243 4123789.53362
302498.140617 4123789.06233
302497.909173 4123788.657
302497.649547 4123788.18571
302497.390182 4123787.72552
302497.168131 4123787.34217
302496.91816 4123786.90396
302496.67706 4123786.46555
302496.473273 4123786.10397
302496.232957 4123785.69885
302496.001512 4123785.29351
302495.797986 4123784.94303
302495.575674 4123784.54858
302495.34449 4123784.15434
302495.150096 4123783.81475
302494.91839 4123783.39832
302494.678074 4123782.99319
302494.474548 4123782.64271
302494.224577 4123782.20451
302493.965995 4123781.77761
302493.752814 4123781.39405
302493.493972 4123780.95605
302493.225996 4123780.50717
302493.013077 4123780.1347
302492.754234 4123779.6967
302492.49513 4123779.24761
302492.282211 4123778.87515
302492.014757 4123778.44846
302491.783051 4123778.03202
302491.579264 4123777.67045
302491.338947 4123777.26532
302491.108024 4123776.88218
302490.904759 4123776.54279
302490.673313 4123776.13746
302490.433518 4123775.75452
302490.247996 4123775.41472
302490.017073 4123775.03158
302489.786149 4123774.64844
302489.592278 4123774.33104
302489.369965 4123773.93659
302489.13878 4123773.54235
302488.95378 4123773.22474
302488.766952 4123772.82946
302488.562643 4123772.44569
302488.395125 4123772.11656
302488.208819 4123771.74347
302488.030863 4123771.34798
302487.880827 4123771.00734
302487.693999 4123770.61206
302487.50691 4123770.20568
302487.347741 4123769.85416
302487.151781 4123769.44799
302486.945905 4123768.99764
302486.759599 4123768.62455
302486.562856 4123768.1851
302486.347847 4123767.72386
302486.152409 4123767.33989
302485.929051 4123766.90105
302485.714565 4123766.46201
302485.519388 4123766.08913
302485.287158 4123765.65051
302485.054929 4123765.21189
302484.860013 4123764.8501
302484.619173 4123764.42278
302484.395815 4123763.98395
302484.192027 4123763.62238
302483.96032 4123763.20594
302483.728351 4123762.77842
302483.542046 4123762.40533
302483.301206 4123761.97801
302483.060105 4123761.5396
302482.856056 4123761.16692
302482.624087 4123760.7394
302482.382986 4123760.30098
302482.170066 4123759.92852
302481.929226 4123759.5012
302481.688386 4123759.07388
302481.484337 4123758.70121
302481.243758 4123758.28499
302481.012312 4123757.87965
302480.808785 4123757.52917
302480.59482 4123757.11232
302480.363635 4123756.71809
302480.178112 4123756.37828
302479.956059 4123755.99493
302479.742616 4123755.60028
302479.557354 4123755.27157
302479.344173 4123754.88801
302479.130991 4123754.50445
302478.945729 4123754.17574
302478.732026 4123753.76999
302478.509972 4123753.38664
302478.278265 4123752.97021
302478.08387 4123752.63062
302477.861034 4123752.21398
302477.629326 4123751.79755
302477.425538 4123751.43597
302477.184697 4123751.00865
302476.952989 4123750.59222
302476.731458 4123750.23106
302476.481485 4123749.79286
302476.22264 4123749.35486
302475.991716 4123748.97172
302475.705996 4123748.52325
302475.4555 4123748.06286
302475.206832 4123747.68013
302474.947727 4123747.23104
302474.670617 4123746.77127
302474.448302 4123746.37682
302474.188674 4123745.90554
302473.929046 4123745.43425
302473.70647 4123745.02871
302473.446842 4123744.55742
302473.196085 4123744.08593
302472.982903 4123743.70237
302472.723797 4123743.25328
302472.473563 4123742.80398
302472.260119 4123742.40932
302472.000752 4123741.94913
302471.741385 4123741.48895
302471.509937 4123741.08361
302471.25918 4123740.61212
302470.990681 4123740.14104
302470.768105 4123739.7355
302470.517609 4123739.2751
302470.258502 4123738.82601
302470.035926 4123738.42047
302469.77682 4123737.97137
302469.526324 4123737.51098
302469.295137 4123737.11674
302469.044902 4123736.66744
302468.785796 4123736.21835
302468.572352 4123735.82369
302468.304374 4123735.37481
302468.054139 4123734.92551
302467.831824 4123734.53106
302467.58185 4123734.09285
302467.322483 4123733.63267
302467.1093 4123733.24911
302466.850193 4123732.80001
302466.590825 4123732.33983
302466.377643 4123731.95627
302466.118275 4123731.49608
302465.850297 4123731.0472
302465.636592 4123730.64144
302465.376963 4123730.17016
302465.108462 4123729.69908
302464.877014 4123729.29375
302464.608514 4123728.82267
302464.340013 4123728.3516
302464.117698 4123727.95715
302463.840064 4123727.47519
302463.562431 4123726.99323
302463.31324 4123726.58831
302463.026735 4123726.10656
302462.74023 4123725.6248
302462.49965 4123725.20858
302462.239498 4123724.71511
302461.988479 4123724.23252
302461.765641 4123723.81588
302461.514622 4123723.33329
302461.254731 4123722.85091
302461.032155 4123722.44537
302460.763654 4123721.97429
302460.494891 4123721.49212
302460.25431 4123721.0759
302459.985548 4123720.59373
302459.716525 4123720.10046
302459.467334 4123719.69554
302459.189439 4123719.20248
302458.911544 4123718.70943
302458.66183 4123718.28232
302458.383935 4123717.78926
302458.11465 4123717.2849
302457.864675 4123716.84669
302457.58678 4123716.35363
302457.308624 4123715.84948
302457.067521 4123715.41106
302456.789103 4123714.89581
302456.510947 4123714.39166
302456.261494 4123713.97565
302455.99247 4123713.48238
302455.723447 4123712.98911
302455.500869 4123712.58357
302455.232629 4123712.12359
302454.97326 4123711.6634
302454.759293 4123711.24656
302454.499401 4123710.76418
302454.249165 4123710.31487
302454.026849 4123709.92043
302453.767741 4123709.47134
302453.508372 4123709.01115
302453.258135 4123708.56185
302453.053562 4123708.16698
302452.821851 4123707.75055
302452.607884 4123707.33371
302452.422359 4123706.9939
302452.209698 4123706.63254
302452.006169 4123706.28206
302451.839953 4123706.00841
302451.645557 4123705.66882
302451.461338 4123705.3845
302451.313388 4123705.13263
302451.156566 4123704.88097
302450.990873 4123704.62952
302450.870582 4123704.42141
302450.741159 4123704.20241
302450.603125 4123703.99472
302450.483878 4123703.83099
302450.399857 4123703.65534
302450.28061 4123703.49161
302450.197633 4123703.36034
302450.114917 4123703.24016
302450.049944 4123703.11956
302450.022024 4123703.06471
302450.012892 4123703.05382
302450.022024 4123703.06471
302450.022024 4123703.06471
302450.021763 4123703.05361
302450.022024 4123703.06471
302450.022024 4123703.06471
302450.031157 4123703.0756
302450.031157 4123703.0756
302450.031157 4123703.0756
302450.031157 4123703.0756
302450.031157 4123703.0756
302450.040028 4123703.07539
302450.040028 4123703.07539
302450.0489 4123703.07518
302450.0489 4123703.07518
302450.0489 4123703.07518
302450.057771 4123703.07497
302450.066643 4123703.07476
302450.066904 4123703.08586
302450.075776 4123703.08565
302450.075514 4123703.07455
