302459.57228 4123707.93586
302459.572541 4123707.94696
302459.581152 4123707.93565
302459.581413 4123707.94675
302459.590284 4123707.94654
302459.598895 4123707.93524
302459.598895 4123707.93524
302459.616899 4123707.94591
302459.634903 4123707.95659
302459.653691 4123708.00056
302459.718402 4123708.11006
302459.810512 4123708.25222
302459.894272 4123708.41678
302460.033089 4123708.65776
302460.19852 4123708.89812
302460.319333 4123709.12842
302460.494158 4123709.39076
302460.6789 4123709.69727
302460.844853 4123709.95982
302461.038727 4123710.27722
302461.241472 4123710.59441
302461.41682 4123710.87894
302461.629481 4123711.24031
302461.868756 4123711.60105
302462.053758 4123711.91866
302462.302167 4123712.29029
302462.541964 4123712.67322
302462.762975 4123713.01219
302463.011905 4123713.40601
302463.243092 4123713.80025
302463.455492 4123714.15052
302463.686679 4123714.54476
302463.926999 4123714.94988
302464.112524 4123715.28969
302464.343711 4123715.68392
302464.574898 4123716.07816
302464.769033 4123716.40666
302464.991348 4123716.80111
302465.213403 4123717.18446
302465.398666 4123717.51316
302465.611849 4123717.89672
302465.825032 4123718.28028
302466.010034 4123718.59789
302466.205474 4123718.98187
302466.409785 4123719.36564
302466.586177 4123719.69455
302466.790227 4123720.06722
302466.985406 4123720.44011
302467.161536 4123720.75792
302467.356715 4123721.1308
302467.569637 4123721.50327
302467.736635 4123721.8102
302467.940685 4123722.18287
302468.135602 4123722.54466
302468.3026 4123722.85159
302468.488646 4123723.21358
302468.683042 4123723.55318
302468.840907 4123723.84922
302469.035041 4123724.17772
302469.211432 4123724.50663
302469.359904 4123724.78069
302469.536034 4123725.09851
302469.703031 4123725.40544
302469.842631 4123725.67971
302470.0185 4123725.98643
302470.194891 4123726.31535
302470.352495 4123726.6003
302470.520015 4123726.92942
302470.713888 4123727.24682
302470.871492 4123727.53177
302471.047883 4123727.86068
302471.233145 4123728.18939
302471.399621 4123728.47413
302471.585144 4123728.81393
302471.770407 4123729.14264
302471.928011 4123729.42759
302472.122145 4123729.75608
302472.307407 4123730.08479
302472.465011 4123730.36974
302472.659406 4123730.70933
302472.844668 4123731.03804
302473.002272 4123731.32298
302473.187535 4123731.65169
302473.381668 4123731.98019
302473.548144 4123732.26493
302473.733667 4123732.60473
302473.928062 4123732.94432
302474.085927 4123733.24037
302474.280322 4123733.57996
302474.465845 4123733.91976
302474.623449 4123734.20471
302474.808711 4123734.53342
302474.994235 4123734.87322
302475.151838 4123735.15817
302475.310747 4123735.49859
302475.486877 4123735.81641
302475.626737 4123736.10178
302475.820871 4123736.43028
302475.997262 4123736.75919
302476.145994 4123737.04435
302476.322124 4123737.36217
302476.498775 4123737.70218
302476.647507 4123737.98733
302476.833031 4123738.32714
302477.018293 4123738.65584
302477.18529 4123738.96277
302477.397689 4123739.31304
302477.592606 4123739.67483
302477.777607 4123739.99244
302477.990266 4123740.35381
302478.194316 4123740.72648
302478.387927 4123741.03279
302478.600848 4123741.40525
302478.822379 4123741.76641
302479.007119 4123742.07292
302479.219779 4123742.43429
302479.432438 4123742.79566
302479.617178 4123743.10217
302479.820183 4123743.43046
302480.032843 4123743.79183
302480.199317 4123744.07657
302480.393973 4123744.42726
302480.588367 4123744.76685
302480.754842 4123745.05159
302480.931232 4123745.38051
302481.133976 4123745.6977
302481.291579 4123745.98265
302481.467708 4123746.30047
302481.652709 4123746.61808
302481.810312 4123746.90302
302481.995313 4123747.22063
302482.180314 4123747.53824
302482.337656 4123747.8121
302482.514046 4123748.14101
302482.699047 4123748.45862
302482.856128 4123748.72138
302483.032257 4123749.0392
302483.208386 4123749.35701
302483.365467 4123749.61977
302483.541857 4123749.94869
302483.726597 4123750.2552
302483.866196 4123750.52947
302484.060068 4123750.84687
302484.236197 4123751.16469
302484.393539 4123751.43854
302484.578278 4123751.74506
302484.754407 4123752.06288
302484.902616 4123752.32584
302485.078745 4123752.64366
302485.272356 4123752.94996
302485.429437 4123753.21272
302485.596695 4123753.53075
302485.781434 4123753.83726
302485.938776 4123754.11111
302486.132648 4123754.42852
302486.299644 4123754.73545
302486.465335 4123754.9869
302486.623199 4123755.28294
302486.798806 4123755.57857
302486.929272 4123755.84195
302487.096007 4123756.13779
302487.263004 4123756.44472
302487.411474 4123756.71878
302487.587603 4123757.0366
302487.763993 4123757.36551
302487.921595 4123757.65046
302488.106596 4123757.96807
302488.283247 4123758.30808
302488.44111 4123758.60413
302488.626633 4123758.94393
302488.821288 4123759.29462
302488.979674 4123759.61286
302489.174851 4123759.98574
302489.370028 4123760.35862
302489.546157 4123760.67644
302489.741595 4123761.06042
302489.936511 4123761.4222
302490.1129 4123761.75112
302490.31721 4123762.13489
302490.521519 4123762.51866
302490.707042 4123762.85846
302490.911873 4123763.26442
302491.116705 4123763.67038
302491.293356 4123764.01039
302491.506798 4123764.40505
302491.711629 4123764.81101
302491.888541 4123765.16212
302492.093372 4123765.56808
302492.298204 4123765.97404
302492.483987 4123766.32494
302492.679686 4123766.72001
302492.884256 4123767.11488
302493.061168 4123767.46598
302493.265738 4123767.86085
302493.470048 4123768.24462
302493.637305 4123768.56264
302493.841353 4123768.93532
302494.045401 4123769.30799
302494.212919 4123769.63711
302494.425838 4123770.00958
302494.612666 4123770.40486
302494.789316 4123770.74487
302495.002497 4123771.12843
302495.189063 4123771.51262
302495.365452 4123771.84153
302495.560368 4123772.20332
302495.755283 4123772.56511
302495.913408 4123772.87225
302496.099191 4123773.22314
302496.275841 4123773.56316
302496.424833 4123773.85941
302496.610094 4123774.18812
302496.804226 4123774.51661
302496.961306 4123774.77937
302497.137956 4123775.11938
302497.323217 4123775.44809
302497.471947 4123775.73324
302497.656947 4123776.05085
302497.842208 4123776.37956
302497.990677 4123776.65362
302498.18507 4123776.99322
302498.37007 4123777.31083
302498.527672 4123777.59578
302498.713194 4123777.93558
302498.898715 4123778.27538
302499.064927 4123778.54902
302499.250188 4123778.87773
302499.435187 4123779.19534
302499.575047 4123779.48071
302499.760046 4123779.79832
302499.936174 4123780.11614
302500.084905 4123780.40129
302500.261555 4123780.7413
302500.420462 4123781.08173
302500.569454 4123781.37799
302500.720011 4123781.74082
302500.86222 4123782.12605
302500.967377 4123782.44554
302501.0741 4123782.8316
302501.172213 4123783.22897
302501.242406 4123783.57149
302501.296683 4123783.99209
302501.341829 4123784.40181
302501.358793 4123784.74558
302501.385935 4123785.14462
302501.404466 4123785.55496
302501.403688 4123785.89915
302501.413347 4123786.3097
302501.414136 4123786.72047
302501.42249 4123787.07554
302501.432411 4123787.49719
302501.433721 4123787.93014
302501.433987 4123788.31871
302501.409205 4123788.77448
302501.375291 4123789.21937
302501.340072 4123789.60877
302501.270672 4123790.05449
302501.174397 4123790.48974
302501.076817 4123790.86951
302500.954188 4123791.31649
302500.786942 4123791.75341
302500.635872 4123792.12333
302500.442012 4123792.56088
302500.220754 4123792.96576
302500.015673 4123793.30365
302499.767279 4123793.68697
302499.491487 4123794.03763
302499.249876 4123794.33197
302498.964952 4123794.67174
302498.662286 4123795.01193
302498.393277 4123795.27361
302498.071823 4123795.56983
302497.758719 4123795.84365
302497.479795 4123796.06115
302497.148164 4123796.3021
302496.843148 4123796.54242
302496.572573 4123796.73753
302496.258424 4123796.96696
302495.943753 4123797.1742
302495.655175 4123797.35863
302495.322239 4123797.5441
302494.990086 4123797.76285
302494.692636 4123797.94749
302494.34248 4123798.15557
302494.009805 4123798.35213
302493.703484 4123798.53697
302493.353328 4123798.74505
302492.994039 4123798.94224
302492.687195 4123799.10489
302492.310686 4123799.32469
302491.951397 4123799.52188
302491.627072 4123799.69605
302491.231775 4123799.87188
302490.827869 4123800.05902
302490.494411 4123800.2223
302490.090504 4123800.40944
302489.686859 4123800.60767
302489.335658 4123800.77136
302488.940623 4123800.95829
302488.536977 4123801.15653
302488.19491 4123801.33111
302487.790742 4123801.50715
302487.396229 4123801.71628
302487.0539 4123801.87976
302486.659387 4123802.08888
302486.274007 4123802.30889
302485.950204 4123802.50525
302485.59196 4123802.74683
302485.252242 4123803.02127
302484.992105 4123803.28274
302484.70666 4123803.60032
302484.4567 4123803.91706
302484.241443 4123804.19968
302483.991744 4123804.52752
302483.733175 4123804.85557
302483.508524 4123805.11621
302483.230906 4123805.38919
302482.944677 4123805.67348
302482.692368 4123805.89036
302482.387352 4123806.13068
302482.081292 4123806.32662
302481.818806 4123806.48823
302481.511963 4123806.65088
302481.213208 4123806.78003
302480.949155 4123806.87506
302480.641007 4123806.98223
302480.332336 4123807.06721
302480.076371 4123807.12875
302479.77605 4123807.19132
302479.457463 4123807.23213
302479.192105 4123807.27168
302478.865169 4123807.33488
302478.529101 4123807.3872
302478.255393 4123807.44915
302477.929241 4123807.54564
302477.594478 4123807.65344
302477.312944 4123807.75998
302477.005839 4123807.91154
302476.680993 4123808.06351
302476.417984 4123808.20293
302476.102009 4123808.35469
302475.786294 4123808.51755
302475.523547 4123808.66806
302475.217227 4123808.85291
302474.92891 4123809.04843
302474.666163 4123809.19894
302474.369236 4123809.40576
302474.054305 4123809.60191
302473.792341 4123809.78571
302473.477671 4123809.99296
302473.172395 4123810.22218
302472.910692 4123810.41708
302472.605677 4123810.6574
302472.318666 4123810.9084
302472.066096 4123811.11419
302471.779607 4123811.38738
302471.492857 4123811.64948
302471.258552 4123811.87704
302470.998938 4123812.1607
302470.739325 4123812.44436
302470.531895 4123812.68239
302470.298373 4123812.94324
302470.065113 4123813.21518
302469.866032 4123813.4308
302469.641121 4123813.68035
302469.425603 4123813.95187
302469.244527 4123814.17817
302469.020138 4123814.44991
302468.813491 4123814.72122
302468.632937 4123814.96972
302468.40907 4123815.26364
302468.211818 4123815.55694
302468.031524 4123815.81654
302467.843404 4123816.12072
302467.655545 4123816.436
302467.493517 4123816.71737
302467.341666 4123817.05401
302467.189815 4123817.39065
302467.090147 4123817.68165
302466.965171 4123818.02876
302466.900728 4123818.30783
302466.820109 4123818.6539
302466.765843 4123818.98824
302466.7121 4123819.34477
302466.674532 4123819.63431
302466.629398 4123819.97954
302466.610357 4123820.30195
302466.581399 4123820.58019
302466.570968 4123820.8913
302466.551143 4123821.18042
302466.556888 4123821.42453
302466.563154 4123821.69084
302466.56916 4123821.94605
302466.574122 4123822.15687
302466.588215 4123822.37858
302466.61118 4123822.60009
302466.623969 4123822.76632
302466.638324 4123822.99913
302466.661811 4123823.24282
302466.675644 4123823.45344
302466.708525 4123823.71912
302466.732534 4123823.985
302466.764371 4123824.2063
302466.806384 4123824.48286
302466.848659 4123824.77053
302466.880495 4123824.99182
302466.940513 4123825.27907
302467.00053 4123825.56631
302467.059764 4123825.82027
302467.155528 4123826.11777
302467.242682 4123826.42658
302467.337923 4123826.70189
302467.460562 4123827.00987
302467.574591 4123827.32915
302467.678704 4123827.60425
302467.819347 4123827.92291
302467.977733 4123828.24114
302468.117593 4123828.52651
302468.294243 4123828.86652
302468.470371 4123829.18434
302468.60136 4123829.46991
302468.786098 4123829.77643
302468.944223 4123830.08357
302469.083299 4123830.33564
302469.258905 4123830.63127
302469.416768 4123830.92731
302469.564716 4123831.17918
302469.722318 4123831.46413
302469.888792 4123831.74887
302470.027607 4123831.98985
302470.212345 4123832.29637
302470.397345 4123832.61398
302470.572951 4123832.9096
302470.767866 4123833.27139
302470.971653 4123833.63296
302471.174395 4123833.95016
302471.378704 4123834.33392
302471.591101 4123834.6842
302471.75888 4123835.02442
302471.971799 4123835.39688
302472.193589 4123835.76913
302472.369979 4123836.09805
302472.60064 4123836.4701
302472.822953 4123836.86454
302473.017085 4123837.19304
302473.248269 4123837.58728
302473.433529 4123837.91598
302473.655581 4123838.29933
302473.868761 4123838.68289
302474.099684 4123839.06604
302474.276073 4123839.39495
302474.489514 4123839.78961
302474.729308 4123840.17254
302474.923962 4123840.52323
302475.155146 4123840.91747
302475.38659 4123841.3228
302475.581505 4123841.68459
302475.81295 4123842.08992
302476.044656 4123842.50635
302476.257053 4123842.85662
302476.479626 4123843.26217
302476.729075 4123843.67818
302476.9326 4123844.02866
302477.173177 4123844.44488
302477.404622 4123844.85022
302477.608147 4123845.2007
302477.839853 4123845.61713
302478.080168 4123846.02225
302478.283171 4123846.35054
302478.506006 4123846.76718
302478.70927 4123847.10657
302478.884875 4123847.40219
302479.088139 4123847.74158
302479.254873 4123848.03741
302479.402559 4123848.27819
302479.569293 4123848.57402
302479.763163 4123848.89142
302479.920765 4123849.17637
302480.141771 4123849.51534
302480.354167 4123849.86561
302480.548037 4123850.18301
302480.77896 4123850.56615
302480.990834 4123850.89423
302481.239759 4123851.28805
302481.506428 4123851.68146
302481.799711 4123852.07424
302482.047592 4123852.42367
302482.358617 4123852.81603
302482.658943 4123853.13093
302483.021891 4123853.46656
302483.41928 4123853.75696
302483.842499 4123854.01346
302484.201791 4123854.19374
302484.631793 4123854.36126
302485.069621 4123854.48418
302485.435696 4123854.57549
302485.871436 4123854.60964
302486.297782 4123854.62181
302486.652114 4123854.59127
302487.049496 4123854.5042
302487.394434 4123854.45168
302487.80121 4123854.3866
302488.189982 4123854.31084
302488.587364 4123854.22377
302488.93178 4123854.14905
302489.32003 4123854.0511
302489.717151 4123853.95294
302490.052434 4123853.86733
302490.440423 4123853.75828
302490.828151 4123853.63814
302491.14517 4123853.53076
302491.506022 4123853.40014
302491.866875 4123853.26953
302492.165629 4123853.14038
302492.508478 4123852.99908
302492.833584 4123852.85821
302493.114856 4123852.74057
302493.457183 4123852.57708
302493.746543 4123852.42594
302494.114962 4123852.23964
302494.483642 4123852.06443
302494.860932 4123851.87792
302495.203259 4123851.71444
302495.59777 4123851.50531
302495.974799 4123851.3077
302496.281902 4123851.15615
302496.641188 4123850.95896
302496.982993 4123850.77328
302497.263482 4123850.62235
302497.587805 4123850.44819
302497.911867 4123850.26293
302498.174874 4123850.12352
302498.490588 4123849.96066
302498.80604 4123849.7867
302499.060176 4123849.6475
302499.366756 4123849.47375
302499.620892 4123849.33454
302499.927473 4123849.1608
302500.234054 4123848.98705
302500.558377 4123848.81289
302500.839127 4123848.67306
302501.1718 4123848.47649
302501.513605 4123848.29081
302501.802965 4123848.13968
302502.14477 4123847.954
302502.468833 4123847.76874
302502.749061 4123847.60672
302503.073645 4123847.44365
302503.397969 4123847.26949
302503.669064 4123847.09657
302503.984778 4123846.93372
302504.317973 4123846.75934
302504.571848 4123846.60904
302504.887561 4123846.44618
302505.16805 4123846.29526
302505.491852 4123846.0989
302505.824785 4123845.91343
302506.148848 4123845.72817
302506.446819 4123845.56573
302506.779231 4123845.35807
302507.120775 4123845.1613
302507.419007 4123845.00995
302507.733676 4123844.80271
302508.07522 4123844.60594
302508.364059 4123844.43261
302508.705603 4123844.23584
302509.029405 4123844.03948
302509.300761 4123843.87766
302509.59821 4123843.69303
302509.887049 4123843.5197
302510.114832 4123843.39222
302510.369229 4123843.26411
302510.570399 4123843.13725
302510.78931 4123843.00998
302510.999612 4123842.89401
302511.201304 4123842.78934
302511.350028 4123842.69703
302511.543109 4123842.60367
302511.691834 4123842.51135
302511.893525 4123842.40669
302512.112698 4123842.29051
302512.366834 4123842.1513
302512.603228 4123842.01251
302512.883456 4123841.85049
302513.181166 4123841.67695
302513.453045 4123841.53733
302513.759627 4123841.36359
302514.08369 4123841.17833
302514.372789 4123841.01609
302514.723205 4123840.81911
302515.020915 4123840.64558
302515.397684 4123840.43687
302515.765843 4123840.23947
302516.168443 4123839.99686
302516.51912 4123839.81097
302516.930852 4123839.57924
302517.263265 4123839.37158
302517.674997 4123839.13985
302518.08699 4123838.91922
302518.516204 4123838.67597
302518.866621 4123838.47899
302519.295835 4123838.23575
302519.698435 4123837.99313
302520.066594 4123837.79573
302520.478065 4123837.5529
302520.898408 4123837.30987
302521.257435 4123837.10158
302521.669167 4123836.86985
302522.028194 4123836.66157
302522.448798 4123836.42963
302522.869141 4123836.18659
302523.263131 4123835.95528
302523.613547 4123835.7583
302524.016408 4123835.52678
302524.419531 4123835.30635
302524.761337 4123835.12068
302525.154805 4123834.86717
302525.558189 4123834.65784
302525.908344 4123834.44977
302526.337558 4123834.20652
302526.696846 4123834.00933
302527.126061 4123833.76609
302527.528661 4123833.52347
302527.931523 4123833.29195
302528.29055 4123833.08367
302528.702022 4123832.84084
302529.069659 4123832.62125
302529.498613 4123832.36691
302529.936699 4123832.12346
302530.365914 4123831.88022
302530.725202 4123831.68303
302531.128063 4123831.45151
302531.46987 4123831.26583
302531.864121 4123831.04561
302532.249762 4123830.8367
302532.574087 4123830.66254
302532.942247 4123830.46514
302533.328149 4123830.26733
302533.643863 4123830.10447
302534.020633 4123829.89577
302534.406797 4123829.70905
302534.783828 4123829.51144
302535.099803 4123829.35968
302535.476834 4123829.16207
302535.81003 4123828.9877
302536.204804 4123828.78968
302536.582096 4123828.60317
302536.967999 4123828.40535
302537.292323 4123828.23119
302537.669355 4123828.03358
302537.99368 4123827.85942
302538.3621 4123827.67312
302538.721911 4123827.49812
302539.090071 4123827.30073
302539.388565 4123827.16048
302539.757246 4123826.98527
302540.055479 4123826.83393
302540.397547 4123826.65935
302540.731266 4123826.50717
302541.091598 4123826.35436
302541.398964 4123826.21391
302541.750686 4123826.07241
302542.06614 4123825.89846
302542.40873 4123825.74607
302542.77689 4123825.54867
302543.153138 4123825.31778
302543.477202 4123825.13252
302543.854494 4123824.94601
302544.239614 4123824.7149
302544.528715 4123824.55267
302544.887482 4123824.33329
302545.195108 4123824.20393
302545.546048 4123824.02914
302545.895943 4123823.80997
302546.202525 4123823.63623
302546.553204 4123823.45034
302546.903099 4123823.23117
302547.262388 4123823.03398
302547.568449 4123822.83805
302547.901123 4123822.64148
302548.207706 4123822.46774
302548.559167 4123822.31514
302548.909846 4123822.12926
302549.259741 4123821.91009
302549.566324 4123821.73634
302549.925352 4123821.52806
302550.223063 4123821.35452
302550.555477 4123821.14687
302550.844317 4123820.97354
302551.141768 4123820.78891
302551.386773 4123820.63882
302551.667264 4123820.48789
302551.947232 4123820.31477
302552.218591 4123820.15296
302552.559876 4123819.94509
302552.936125 4123819.7142
302553.277932 4123819.52852
302553.698538 4123819.29658
302554.075308 4123819.08788
302554.495914 4123818.85595
302554.951222 4123818.58989
302555.398181 4123818.34623
302555.783562 4123818.12622
302556.204168 4123817.89428
302556.554847 4123817.7084
302556.958232 4123817.49907
302557.361617 4123817.28974
302557.756392 4123817.09172
302558.08985 4123816.92845
302558.458272 4123816.74215
302558.783381 4123816.60127
302559.169545 4123816.41456
302559.546577 4123816.21695
302559.933003 4123816.04133
302560.2662 4123815.86696
302560.661497 4123815.69113
302561.048183 4123815.5266
302561.382164 4123815.38552
302561.77746 4123815.20969
302562.17354 4123815.06715
302562.508043 4123814.94826
302562.922387 4123814.82749
302563.328122 4123814.71803
302563.672017 4123814.62112
302564.086884 4123814.52254
302564.484008 4123814.42439
302564.837558 4123814.36056
302565.261818 4123814.28397
302565.615368 4123814.22014
302566.03154 4123814.17705
302566.447711 4123814.13395
302566.873537 4123814.12393
302567.237786 4123814.13757
302567.646391 4123814.15017
302568.020555 4123814.20798
302568.448991 4123814.30892
302568.868294 4123814.39898
302569.287858 4123814.50013
302569.645584 4123814.61384
302570.066193 4123814.75938
302570.41583 4123814.90659
302570.82835 4123815.08562
302571.241392 4123815.28685
302571.645823 4123815.49938
302571.997287 4123815.72426
302572.402241 4123815.95898
302572.816848 4123816.22678
302573.158919 4123816.42968
302573.555784 4123816.6979
302573.952388 4123816.95502
302574.28637 4123817.19142
302574.674364 4123817.45985
302575.045136 4123817.75088
302575.370247 4123817.98749
302575.74102 4123818.27852
302576.111792 4123818.56956
302576.41916 4123818.80658
302576.772451 4123819.10913
302577.098606 4123819.39012
302577.370749 4123819.63907
302577.679161 4123819.92047
302577.924951 4123820.18114
302578.206749 4123820.46317
302578.480197 4123820.7676
302578.708245 4123821.02869
302578.972822 4123821.33333
302579.237398 4123821.63796
302579.466751 4123821.95453
302579.659835 4123822.23865
302579.880055 4123822.54433
302580.055918 4123822.85105
302580.258656 4123823.16825
302580.471049 4123823.51852
302580.674831 4123823.8801
302580.868175 4123824.17531
302581.062825 4123824.526
302581.25617 4123824.82122
302581.45108 4123825.183
302581.645991 4123825.54479
302581.831508 4123825.8846
302581.980235 4123826.16975
302582.156359 4123826.48757
302582.295432 4123826.73965
302582.443898 4123827.01372
302582.592103 4123827.27668
302582.722304 4123827.52897
302582.842068 4123827.71489
302582.953744 4123827.93431
302583.055505 4123828.10955
302583.17553 4123828.30657
302583.287205 4123828.52598
302583.416624 4123828.74498
302583.527255 4123828.92002
302583.666328 4123829.17209
302583.795746 4123829.39109
302583.925948 4123829.64338
302584.055627 4123829.87348
302584.203571 4123830.12535
302584.332989 4123830.34435
302584.490065 4123830.60711
302584.602002 4123830.83762
302584.750468 4123831.11168
302584.908588 4123831.41882
302585.102715 4123831.74732
302585.261357 4123832.07666
302585.483665 4123832.47111
302585.696318 4123832.83248
302585.938455 4123833.31528
302586.179288 4123833.7426
302586.403683 4123834.22582
302586.608247 4123834.62068
302586.822988 4123835.07082
302586.991806 4123835.45543
302587.214635 4123835.87207
302587.437203 4123836.27762
302587.605238 4123836.62893
302587.818413 4123837.0125
302588.022716 4123837.39627
302588.181097 4123837.71451
302588.367397 4123838.0876
302588.562046 4123838.43829
302588.748084 4123838.80029
302588.888723 4123839.11894
302589.065629 4123839.47005
302589.214877 4123839.7774
302589.391784 4123840.12851
302589.568951 4123840.49072
302589.700457 4123840.79848
302589.868492 4123841.1498
302590.027916 4123841.51242
302590.151072 4123841.84259
302590.310758 4123842.21631
302590.453223 4123842.61264
302590.585511 4123842.95369
302590.728237 4123843.36112
302590.880356 4123843.79053
302591.014732 4123844.22035
302591.139193 4123844.606
302591.274091 4123845.05802
302591.390202 4123845.46606
302591.507097 4123845.9074
302591.59816 4123846.38265
302591.642779 4123846.77018
302591.715577 4123847.22366
302591.734887 4123847.66729
302591.733844 4123848.00038
302591.725496 4123848.40026
302591.718192 4123848.84451
302591.691579 4123849.22261
302591.649833 4123849.71209
302591.608087 4123850.20157
302591.564776 4123850.62447
302591.50607 4123851.14765
302591.456236 4123851.67063
302591.413968 4123852.13791
302591.32917 4123852.68391
302591.226108 4123853.20814
302591.09591 4123853.7108
302590.964146 4123854.14688
302590.789069 4123854.62839
302590.64739 4123855.0203
302590.437089 4123855.51374
302590.243487 4123855.96238
302590.04858 4123856.35554
302589.819754 4123856.81611
302589.599537 4123857.26538
302589.377495 4123857.63697
302589.121532 4123858.07598
302588.865048 4123858.49279
302588.625002 4123858.85371
302588.341382 4123859.24895
302588.057762 4123859.6442
302587.79919 4123859.97224
302587.496783 4123860.32352
302587.185505 4123860.67501
302586.908669 4123860.98128
302586.579127 4123861.31099
302586.231842 4123861.64112
302585.92787 4123861.92583
302585.55371 4123862.24549
302585.17955 4123862.56515
302584.83931 4123862.8174
302584.456279 4123863.13727
302584.054722 4123863.42427
302583.714482 4123863.67652
302583.303793 4123863.95263
302582.901714 4123864.21743
302582.560691 4123864.4364
302582.167223 4123864.6899
302581.773233 4123864.92121
302581.449692 4123865.12866
302581.082316 4123865.35934
302580.714679 4123865.57893
302580.408358 4123865.76377
302580.058464 4123865.98294
302579.708048 4123866.17992
302579.428341 4123866.36413
302579.1048 4123866.57158
302578.780998 4123866.76793
302578.500769 4123866.92995
302578.194449 4123867.11479
302577.879257 4123867.29984
302577.616771 4123867.46145
302577.310711 4123867.65738
302576.995781 4123867.85352
302576.715813 4123868.02664
302576.39175 4123868.2119
302576.076819 4123868.40804
302575.787981 4123868.58137
302575.455046 4123868.76683
302575.131505 4123868.97428
302574.807703 4123869.17064
302574.527475 4123869.33266
302574.203412 4123869.51791
302573.923183 4123869.67994
302573.5819 4123869.8878
302573.258098 4123870.08416
302572.968998 4123870.24639
302572.636586 4123870.45404
302572.303652 4123870.63951
302572.023684 4123870.81263
302571.708754 4123871.00877
302571.393562 4123871.19382
302571.139687 4123871.34412
302570.833367 4123871.52896
302570.535135 4123871.6803
302570.290131 4123871.83039
302569.991899 4123871.98174
302569.7028 4123872.14397
302569.404568 4123872.29531
302569.159042 4123872.42321
302568.878292 4123872.56304
302568.633027 4123872.70203
302568.343666 4123872.85317
302568.054306 4123873.0043
302567.773556 4123873.14413
302567.53664 4123873.26073
302567.24728 4123873.41186
302567.001754 4123873.53976
302566.721265 4123873.69068
302566.423033 4123873.84203
302566.160026 4123873.98144
302565.844573 4123874.15539
302565.528599 4123874.30715
302565.265853 4123874.45766
302564.941268 4123874.62073
302564.625555 4123874.78358
302564.362809 4123874.93409
302564.029092 4123875.08627
302563.713378 4123875.24913
302563.442283 4123875.42203
302563.109088 4123875.5964
302562.802507 4123875.77015
302562.460963 4123875.96692
302562.189084 4123876.10654
302561.847018 4123876.28112
302561.548526 4123876.42137
302561.197849 4123876.60725
302560.864394 4123876.77052
302560.575294 4123876.93275
302560.225401 4123877.15193
302559.883596 4123877.3376
302559.541269 4123877.50108
302559.225295 4123877.65284
302558.874097 4123877.81654
302558.522637 4123877.96913
302558.196487 4123878.06562
302557.826241 4123878.17425
302557.481565 4123878.23787
302557.093055 4123878.32472
302556.7035 4123878.36719
302556.29542 4123878.37679
302555.95831 4123878.38472
302555.585193 4123878.37129
302555.273393 4123878.32312
302554.917235 4123878.27598
302554.578559 4123878.21734
302554.239623 4123878.14759
302553.945042 4123878.07681
302553.597495 4123878.01837
302553.293783 4123877.9367
302552.93632 4123877.83408
302552.578075 4123877.69818
302552.273579 4123877.58322
302551.906201 4123877.43643
302551.538824 4123877.28964
302551.225196 4123877.1638
302550.857557 4123877.00591
302550.489657 4123876.83693
302550.121496 4123876.65685
302549.824044 4123876.46401
302549.472843 4123876.25023
302549.166259 4123876.0465
302548.849238 4123875.7764
302548.514474 4123875.50672
302548.205802 4123875.21423
302547.924788 4123874.96549
302547.624726 4123874.66168
302547.369804 4123874.39013
302547.086963 4123874.06371
302546.80386 4123873.72621
302546.557026 4123873.42115
302546.282795 4123873.08343
302546.016652 4123872.71222
302545.77869 4123872.40696
302545.521418 4123872.03554
302545.255797 4123871.68651
302545.044449 4123871.38063
302544.80492 4123871.00879
302544.55678 4123870.64825
302544.345431 4123870.34236
302544.088682 4123869.99313
302543.858807 4123869.65437
302543.647458 4123869.34848
302543.408712 4123869.00993
302543.161095 4123868.67159
302542.950007 4123868.3768
302542.720132 4123868.03804
302542.481647 4123867.71058
302542.288563 4123867.42647
302542.041207 4123867.09922
302541.802982 4123866.78286
302541.609898 4123866.49875
302541.389156 4123866.17087
302541.168152 4123865.83191
302540.966196 4123865.548
302540.771546 4123865.19731
302540.576895 4123864.84662
302540.401553 4123864.56209
302540.206642 4123864.2003
302540.00312 4123863.84982
302539.836388 4123863.55398
302539.641737 4123863.20329
302539.438737 4123862.875
302539.290009 4123862.58984
302539.105013 4123862.27223
302538.93802 4123861.9653
302538.781204 4123861.71364
302538.605601 4123861.41801
302538.44748 4123861.11087
302538.308406 4123860.85879
302538.141414 4123860.55186
302537.956417 4123860.23425
302537.790469 4123859.9717
302537.605211 4123859.64299
302537.410821 4123859.3034
302537.253222 4123859.01845
302537.067442 4123858.66755
302536.86392 4123858.31707
302536.679446 4123858.02165
302536.466791 4123857.66028
302536.26353 4123857.32089
302536.069923 4123857.01459
302535.87475 4123856.6417
302535.670966 4123856.28013
302535.486231 4123855.97361
302535.291319 4123855.61182
302535.096407 4123855.25004
302534.912193 4123854.96571
302534.717542 4123854.61502
302534.523152 4123854.27543
302534.365292 4123853.97938
302534.171162 4123853.65089
302534.012519 4123853.32155
302533.864313 4123853.05859
302533.697581 4123852.76275
302533.521716 4123852.45603
302533.373771 4123852.20416
302533.2073 4123851.91942
302533.040568 4123851.62358
302532.88349 4123851.36082
302532.706843 4123851.02081
302532.521324 4123850.68101
302532.354853 4123850.39627
302532.160202 4123850.04558
302531.95694 4123849.70619
302531.790469 4123849.42145
302531.596079 4123849.08186
302531.419431 4123848.74184
302531.244089 4123848.45731
302531.067702 4123848.1284
302530.846959 4123847.80053
302530.688837 4123847.49338
302530.503579 4123847.16468
302530.300317 4123846.82529
302530.133846 4123846.54055
302529.903709 4123846.1907
302529.726539 4123845.82849
302529.559546 4123845.52156
302529.373244 4123845.14847
302529.16946 4123844.78689
302529.002206 4123844.46886
302528.807032 4123844.09598
302528.603248 4123843.7344
302528.453997 4123843.42705
302528.258563 4123843.04307
302528.063911 4123842.69238
302527.923532 4123842.38482
302527.738274 4123842.05612
302527.570497 4123841.7159
302527.412636 4123841.41985
302527.244859 4123841.07963
302527.041859 4123840.75134
302526.89313 4123840.46618
302526.716482 4123840.12617
302526.548444 4123839.77486
302526.399454 4123839.4786
302526.204803 4123839.12791
302526.019283 4123838.78811
302525.870032 4123838.48076
302525.683991 4123838.11876
302525.506821 4123837.75656
302525.330695 4123837.43874
302525.144392 4123837.06565
302524.940086 4123836.68188
302524.763699 4123836.35296
302524.559132 4123835.9581
302524.363696 4123835.57412
302524.178177 4123835.23432
302523.964999 4123834.85076
302523.74295 4123834.4674
302523.566302 4123834.12739
302523.335642 4123833.75534
302523.122726 4123833.38288
302522.937989 4123833.07636
302522.734205 4123832.71479
302522.539553 4123832.3641
302522.37282 4123832.06826
302522.187561 4123831.73955
302522.002042 4123831.39975
302521.853052 4123831.1035
302521.658922 4123830.775
302521.491406 4123830.44587
302521.333805 4123830.16093
302521.149069 4123829.85441
302520.990163 4123829.51398
302520.841695 4123829.23992
302520.656958 4123828.93341
302520.471961 4123828.61579
302520.30575 4123828.34215
302520.12023 4123828.00235
302519.9261 4123827.67385
302519.759889 4123827.40021
302519.556888 4123827.07192
302519.345015 4123826.74383
302519.178282 4123826.448
302518.983891 4123826.1084
302518.780367 4123825.75792
302518.604762 4123825.4623
302518.41011 4123825.11161
302518.215719 4123824.77201
302518.048986 4123824.47618
302517.854333 4123824.12548
302517.65081 4123823.775
302517.492948 4123823.47896
302517.316038 4123823.12785
302517.121386 4123822.77716
302516.954653 4123822.48132
302516.760261 4123822.14173
302516.56587 4123821.80214
302516.408008 4123821.50609
302516.213356 4123821.1554
302516.018442 4123820.79362
302515.833705 4123820.4871
302515.638791 4123820.12531
302515.408392 4123819.76436
302515.232266 4123819.44654
302515.028219 4123819.07387
302514.824695 4123818.72339
302514.648569 4123818.40557
302514.436434 4123818.06639
302514.23291 4123817.71591
302514.083659 4123817.40856
302513.889267 4123817.06897
302513.703747 4123816.72916
302513.563628 4123816.4327
302513.386979 4123816.09269
302513.21894 4123815.74137
302513.052468 4123815.45663
302512.875297 4123815.09443
302512.698648 4123814.75442
302512.540786 4123814.45838
302512.355004 4123814.10748
302512.178355 4123813.76746
302512.029103 4123813.46012
302511.852193 4123813.10901
302511.630926 4123812.75894
302511.46341 4123812.42982
302511.267974 4123812.04584
302511.063666 4123811.66207
302510.878407 4123811.33337
302510.664967 4123810.93871
302510.469269 4123810.54363
302510.284271 4123810.22602
302510.070831 4123809.83137
302509.866523 4123809.4476
302509.699007 4123809.11847
302509.504092 4123808.75669
302509.309178 4123808.3949
302509.133312 4123808.08818
302508.938398 4123807.72639
302508.752616 4123807.37549
302508.603625 4123807.07924
302508.418366 4123806.75053
302508.233367 4123806.43292
302508.075766 4123806.14797
302507.907727 4123805.79666
302507.713335 4123805.45706
302507.555473 4123805.16102
302507.370213 4123804.83231
302507.193824 4123804.5034
302507.053966 4123804.21803
302506.868706 4123803.88932
302506.692318 4123803.56041
302506.55272 4123803.28614
302506.376332 4123802.95722
302506.191333 4123802.63961
302506.033732 4123802.35466
302505.857604 4123802.03685
302505.672345 4123801.70814
302505.524137 4123801.44517
302505.347748 4123801.11626
302505.153878 4123800.79886
302505.005409 4123800.5248
302504.847286 4123800.21765
302504.671419 4123799.91093
302504.541215 4123799.65864
302504.383353 4123799.3626
302504.224968 4123799.04436
302504.085892 4123798.79229
302503.901155 4123798.48577
302503.715895 4123798.15706
302503.558032 4123797.86102
302503.363378 4123797.51033
302503.151243 4123797.17115
302503.002252 4123796.8749
302502.798727 4123796.52442
302502.604073 4123796.17373
302502.455343 4123795.88857
302502.260951 4123795.54898
302502.057948 4123795.22069
302501.909217 4123794.93553
302501.715347 4123794.61813
302501.521215 4123794.28963
302501.363614 4123794.00468
302501.16035 4123793.6653
302500.947953 4123793.31503
302500.763215 4123793.00851
302500.550035 4123792.62495
302500.328245 4123792.2527
302500.134114 4123791.9242
302499.912062 4123791.54085
302499.690011 4123791.15749
302499.495879 4123790.829
302499.255824 4123790.43497
302499.02464 4123790.04073
302498.830248 4123789.70113
302498.625417 4123789.29517
302498.403105 4123788.90072
302498.217583 4123788.56092
302498.004403 4123788.17736
302497.799833 4123787.7825
302497.614312 4123787.44269
302497.410003 4123787.05893
302497.197084 4123786.68646
302497.038699 4123786.36822
302496.843523 4123785.99534
302496.666351 4123785.63314
302496.517098 4123785.32579
302496.340448 4123784.98578
302496.172408 4123784.63446
302496.014806 4123784.34951
302495.865031 4123784.01997
302495.688642 4123783.69106
302495.548782 4123783.40569
302495.381004 4123783.06547
302495.204876 4123782.74765
302495.056406 4123782.47359
302494.880539 4123782.16687
302494.6958 4123781.86035
302494.556463 4123781.59718
302494.372247 4123781.31286
302494.206034 4123781.03921
302494.058348 4123780.79844
302493.882742 4123780.50281
302493.698787 4123780.22959
302493.533096 4123779.97814
302493.348619 4123779.68272
302493.164141 4123779.3873
302492.989841 4123779.14715
302492.805363 4123778.85174
302492.602882 4123778.54564
302492.43693 4123778.28309
302492.252453 4123777.98767
302492.076585 4123777.68095
302491.910895 4123777.4295
302491.726417 4123777.13408
302491.550811 4123776.83845
302491.402602 4123776.57549
302491.218125 4123776.28007
302491.050868 4123775.96204
302490.902398 4123775.68798
302490.726008 4123775.35907
302490.54988 4123775.04125
302490.383406 4123774.75651
302490.215366 4123774.40519
302490.029844 4123774.06539
302489.862848 4123773.75846
302489.659322 4123773.40798
302489.472755 4123773.02379
302489.305759 4123772.71686
302489.119715 4123772.35486
302488.933671 4123771.99287
302488.766675 4123771.68594
302488.589763 4123771.33483
302488.421461 4123770.97242
302488.254726 4123770.67658
302488.059811 4123770.3148
302487.864895 4123769.95301
302487.689027 4123769.64629
302487.502722 4123769.2732
302487.290324 4123768.92293
302487.114717 4123768.6273
302486.911452 4123768.28792
302486.71732 4123767.95942
302486.568588 4123767.67426
302486.392199 4123767.34535
302486.215809 4123767.01643
302486.049857 4123766.75388
302485.873989 4123766.44716
302485.680379 4123766.14086
302485.54078 4123765.86659
302485.364651 4123765.54877
302485.179651 4123765.23116
302485.03092 4123764.946
302484.836787 4123764.6175
302484.642915 4123764.3001
302484.485574 4123764.02625
302484.300573 4123763.70864
302484.124705 4123763.40192
302483.976235 4123763.12785
302483.80089 4123762.84332
302483.634154 4123762.54749
302483.4956 4123762.3176
302483.329126 4123762.03286
302483.171262 4123761.73682
302483.023052 4123761.47385
302482.856317 4123761.17802
302482.680188 4123760.8602
302482.514236 4123760.59765
302482.346717 4123760.26853
302482.153106 4123759.96222
302481.995765 4123759.68837
302481.819636 4123759.37055
302481.643507 4123759.05273
302481.477032 4123758.76799
302481.310036 4123758.46106
302481.133907 4123758.14324
302480.994046 4123757.85788
302480.82705 4123757.55095
302480.668664 4123757.23271
302480.520193 4123756.95865
302480.362068 4123756.65151
302480.212814 4123756.34416
302480.064605 4123756.0812
302479.906219 4123755.76296
302479.748093 4123755.45582
302479.608755 4123755.19265
302479.441236 4123754.86352
302479.273979 4123754.54549
302479.116376 4123754.26055
302478.939724 4123753.92054
302478.75394 4123753.56964
302478.604425 4123753.25119
302478.41838 4123752.8892
302478.232596 4123752.5383
302478.06586 4123752.24246
302477.871466 4123751.90287
302477.694814 4123751.56286
302477.537211 4123751.27791
302477.351688 4123750.93811
302477.166687 4123750.6205
302477.009345 4123750.34665
302476.824083 4123750.01794
302476.639082 4123749.70033
302476.48174 4123749.42648
302476.287868 4123749.10908
302476.120349 4123748.77996
302475.963006 4123748.5061
302475.768873 4123748.17761
302475.592221 4123747.83759
302475.416353 4123747.53087
302475.212303 4123747.1582
302474.990511 4123746.78594
302474.80551 4123746.46833
302474.592328 4123746.08477
302474.370275 4123745.70142
302474.176663 4123745.39512
302473.981485 4123745.02224
302473.759954 4123744.66108
302473.583563 4123744.33216
302473.370903 4123743.9708
302473.149111 4123743.59854
302472.972981 4123743.28072
302472.75145 4123742.91956
302472.5474 4123742.54689
302472.353789 4123742.24059
302472.140868 4123741.86812
302471.928208 4123741.50675
302471.734596 4123741.20045
302471.521936 4123740.83908
302471.300404 4123740.47792
302471.115664 4123740.17141
302470.885261 4123739.81046
302470.672601 4123739.44909
302470.496732 4123739.14237
302470.284333 4123738.7921
302470.071934 4123738.44182
302469.905198 4123738.14599
302469.702193 4123737.8177
302469.498404 4123737.45612
302469.313925 4123737.16071
302469.110658 4123736.82132
302468.916524 4123736.49282
302468.750049 4123736.20809
302468.547044 4123735.8798
302468.361781 4123735.55109
302468.204177 4123735.26614
302468.019176 4123734.94853
302467.842785 4123734.61962
302467.685181 4123734.33467
302467.517922 4123734.01664
302467.332921 4123733.69903
302467.175317 4123733.41409
302466.998403 4123733.06298
302466.803747 4123732.71229
302466.636749 4123732.40536
302466.441571 4123732.03248
302466.23726 4123731.64871
302466.06974 4123731.31959
302465.86569 4123730.94691
302465.67025 4123730.56294
302465.493858 4123730.23402
302465.280415 4123729.83937
302465.084975 4123729.45539
302464.899712 4123729.12668
302464.68679 4123728.75422
302464.491611 4123728.38134
302464.324614 4123728.07441
302464.129696 4123727.71262
302463.9353 4123727.37303
302463.768303 4123727.0661
302463.564775 4123726.71562
302463.352375 4123726.36535
302463.167634 4123726.05883
302462.963323 4123725.67506
302462.723525 4123725.29213
302462.538262 4123724.96342
302462.298204 4123724.5694
302462.076149 4123724.18604
302461.899497 4123723.84603
302461.669354 4123723.49618
302461.474958 4123723.15659
302461.29935 4123722.86096
302461.122697 4123722.52095
302460.920213 4123722.21485
302460.76287 4123721.941
302460.577868 4123721.62339
302460.392866 4123721.30578
302460.235523 4123721.03193
302460.041388 4123720.70343
302459.838121 4123720.36405
302459.653641 4123720.06863
302459.450635 4123719.74034
302459.246845 4123719.37877
302459.062366 4123719.08335
302458.867709 4123718.73266
302458.67279 4123718.37088
302458.487788 4123718.05327
302458.283737 4123717.68059
302458.079426 4123717.29683
302457.903034 4123716.96791
302457.690111 4123716.59545
302457.503542 4123716.21126
302457.362375 4123715.87042
302457.158586 4123715.50884
302456.972278 4123715.13575
302456.805541 4123714.83992
302456.637237 4123714.4775
302456.442318 4123714.11572
302456.284192 4123713.80858
302456.088751 4123713.4246
302455.875829 4123713.05214
302455.716918 4123712.71171
302455.503735 4123712.32815
302455.2989 4123711.92219
302455.122247 4123711.58218
302454.935156 4123711.1758
302454.730321 4123710.76984
302454.57115 4123710.41832
302454.358227 4123710.04586
302454.171136 4123709.63948
302453.995005 4123709.32166
302453.799303 4123708.92659
302453.57777 4123708.56543
302453.436864 4123708.23568
302453.250817 4123707.87369
302453.082512 4123707.51127
302452.924647 4123707.21523
302452.739122 4123706.87543
302452.571601 4123706.54631
302452.441133 4123706.28292
302452.2924 4123705.99777
302452.143927 4123705.72371
302452.031986 4123705.4932
