302605.835788 4124091.33925
302605.829787 4124091.46152
302605.807611 4124091.65078
302605.777345 4124091.87353
302605.713684 4124092.18589
302605.66933 4124092.56441
302605.600972 4124093.05451
302605.560011 4124093.57728
302605.528443 4124094.12203
302605.496613 4124094.65568
302605.48357 4124095.2333
302605.471049 4124095.83311
302605.458527 4124096.43292
302605.444962 4124096.98835
302605.423831 4124097.59947
302605.429574 4124098.22105
302605.425401 4124098.79847
302605.423578 4124099.47574
302605.458282 4124100.19657
302605.447066 4124100.85186
302605.472378 4124101.5507
302605.479686 4124102.23886
302605.50552 4124102.9599
302605.488042 4124103.72636
302605.50396 4124104.40322
302605.521184 4124105.13556
302605.564238 4124105.83398
302605.661561 4124106.57554
302605.76593 4124107.23921
302605.94205 4124107.93451
302606.08138 4124108.57516
302606.204273 4124109.2717
302606.380915 4124109.98919
302606.530421 4124110.68511
302606.716195 4124111.41349
302606.944236 4124112.05205
302607.217937 4124112.74505
302607.499726 4124113.40455
302607.898144 4124114.11683
302608.313521 4124114.79539
302608.772992 4124115.46182
302609.337611 4124116.07026
302609.928061 4124116.64479
302610.579041 4124117.15128
302611.282987 4124117.64543
302611.90605 4124118.09707
302612.512153 4124118.58241
302613.09921 4124119.01269
302613.640345 4124119.37744
302614.206267 4124119.66389
302614.975701 4124119.92335
302615.813233 4124120.05908
302616.631979 4124120.15085
302617.466641 4124120.16453
302618.317479 4124120.11121
302619.193886 4124120.01288
302620.015501 4124119.84923
302620.77528 4124119.69814
302621.581241 4124119.62368
302622.407031 4124119.63756
302623.258913 4124119.62863
302623.995993 4124119.64461
302624.794909 4124119.64802
302625.575301 4124119.61857
302626.391437 4124119.59938
302627.154609 4124119.59253
302627.908648 4124119.5748
302628.626942 4124119.54681
302629.309491 4124119.50855
302629.957078 4124119.49332
302630.604403 4124119.467
302631.17215 4124119.45365
302631.704674 4124119.45223
302632.165186 4124119.40809
302632.598824 4124119.35349
302632.998021 4124119.3441
302633.326772 4124119.35857
302633.5749 4124119.34163
302633.725969 4124119.34918
302633.745016 4124119.40425
302633.772412 4124119.43691
302633.790937 4124119.46978
